node1,node2,tstart,tend,line,
Brooklyn Bridge-City Hall,Canal St,750,752,Pelham Bay Park Express to Canal St
Canal St,Spring St,752,753,Pelham Bay Park Express to Spring St
Spring St,Bleecker St,753,754,Pelham Bay Park Express to Bleecker St
Bleecker St,Astor Pl,754,756,Pelham Bay Park Express to Astor Pl
Astor Pl,14 St-Union Sq,756,757,Pelham Bay Park Express to 14 St-Union Sq
14 St-Union Sq,23 St,757,759,Pelham Bay Park Express to 23 St
23 St,28 St,759,760,Pelham Bay Park Express to 28 St
28 St,33 St,760,761,Pelham Bay Park Express to 33 St
33 St,Grand Central-42 St,761,763,Pelham Bay Park Express to Grand Central-42 St
Grand Central-42 St,51 St,765,767,Pelham Bay Park Express to 51 St
51 St,59 St,767,769,Pelham Bay Park Express to 59 St
59 St,68 St-Hunter College,769,770,Pelham Bay Park Express to 68 St-Hunter College
68 St-Hunter College,77 St,770,772,Pelham Bay Park Express to 77 St
77 St,86 St,772,774,Pelham Bay Park Express to 86 St
86 St,96 St,774,776,Pelham Bay Park Express to 96 St
96 St,103 St,776,777,Pelham Bay Park Express to 103 St
103 St,110 St,777,778,Pelham Bay Park Express to 110 St
110 St,116 St,778,780,Pelham Bay Park Express to 116 St
116 St,125 St,780,781,Pelham Bay Park Express to 125 St
125 St,3 Av-138 St,781,784,Pelham Bay Park Express to 3 Av-138 St
3 Av-138 St,Hunts Point Av,784,791,Pelham Bay Park Express to Hunts Point Av
Hunts Point Av,Parkchester,793,798,Pelham Bay Park Express to Parkchester
Parkchester,Castle Hill Av,802,804,Pelham Bay Park Express to Castle Hill Av
Castle Hill Av,Zerega Av,804,805,Pelham Bay Park Express to Zerega Av
Zerega Av,Westchester Sq-E Tremont Av,805,806,Pelham Bay Park Express to Westchester Sq-E Tremont Av
Westchester Sq-E Tremont Av,Middletown Rd,806,807,Pelham Bay Park Express to Middletown Rd
Middletown Rd,Buhre Av,807,809,Pelham Bay Park Express to Buhre Av
Buhre Av,Pelham Bay Park,809,811,Pelham Bay Park Express to Pelham Bay Park
Brooklyn Bridge-City Hall,Canal St,758,760,Pelham Bay Park Express to Canal St
Canal St,Spring St,760,761,Pelham Bay Park Express to Spring St
Spring St,Bleecker St,761,762,Pelham Bay Park Express to Bleecker St
Bleecker St,Astor Pl,762,764,Pelham Bay Park Express to Astor Pl
Astor Pl,14 St-Union Sq,764,765,Pelham Bay Park Express to 14 St-Union Sq
14 St-Union Sq,23 St,765,767,Pelham Bay Park Express to 23 St
23 St,28 St,767,768,Pelham Bay Park Express to 28 St
28 St,33 St,768,769,Pelham Bay Park Express to 33 St
33 St,Grand Central-42 St,769,771,Pelham Bay Park Express to Grand Central-42 St
Grand Central-42 St,51 St,773,775,Pelham Bay Park Express to 51 St
51 St,59 St,775,777,Pelham Bay Park Express to 59 St
59 St,68 St-Hunter College,777,778,Pelham Bay Park Express to 68 St-Hunter College
68 St-Hunter College,77 St,778,780,Pelham Bay Park Express to 77 St
77 St,86 St,780,782,Pelham Bay Park Express to 86 St
86 St,96 St,782,784,Pelham Bay Park Express to 96 St
96 St,103 St,784,785,Pelham Bay Park Express to 103 St
103 St,110 St,785,786,Pelham Bay Park Express to 110 St
110 St,116 St,786,788,Pelham Bay Park Express to 116 St
116 St,125 St,788,789,Pelham Bay Park Express to 125 St
125 St,3 Av-138 St,789,792,Pelham Bay Park Express to 3 Av-138 St
3 Av-138 St,Hunts Point Av,792,799,Pelham Bay Park Express to Hunts Point Av
Hunts Point Av,Parkchester,801,806,Pelham Bay Park Express to Parkchester
Parkchester,Castle Hill Av,808,810,Pelham Bay Park Express to Castle Hill Av
Castle Hill Av,Zerega Av,810,811,Pelham Bay Park Express to Zerega Av
Zerega Av,Westchester Sq-E Tremont Av,811,812,Pelham Bay Park Express to Westchester Sq-E Tremont Av
Westchester Sq-E Tremont Av,Middletown Rd,812,813,Pelham Bay Park Express to Middletown Rd
Middletown Rd,Buhre Av,813,815,Pelham Bay Park Express to Buhre Av
Buhre Av,Pelham Bay Park,815,817,Pelham Bay Park Express to Pelham Bay Park
Brooklyn Bridge-City Hall,Canal St,766,768,Pelham Bay Park Express to Canal St
Canal St,Spring St,768,769,Pelham Bay Park Express to Spring St
Spring St,Bleecker St,769,770,Pelham Bay Park Express to Bleecker St
Bleecker St,Astor Pl,770,772,Pelham Bay Park Express to Astor Pl
Astor Pl,14 St-Union Sq,772,773,Pelham Bay Park Express to 14 St-Union Sq
14 St-Union Sq,23 St,773,775,Pelham Bay Park Express to 23 St
23 St,28 St,775,776,Pelham Bay Park Express to 28 St
28 St,33 St,776,777,Pelham Bay Park Express to 33 St
33 St,Grand Central-42 St,777,779,Pelham Bay Park Express to Grand Central-42 St
Grand Central-42 St,51 St,781,783,Pelham Bay Park Express to 51 St
51 St,59 St,783,785,Pelham Bay Park Express to 59 St
59 St,68 St-Hunter College,785,786,Pelham Bay Park Express to 68 St-Hunter College
68 St-Hunter College,77 St,786,788,Pelham Bay Park Express to 77 St
77 St,86 St,788,790,Pelham Bay Park Express to 86 St
86 St,96 St,790,792,Pelham Bay Park Express to 96 St
96 St,103 St,792,793,Pelham Bay Park Express to 103 St
103 St,110 St,793,794,Pelham Bay Park Express to 110 St
110 St,116 St,794,796,Pelham Bay Park Express to 116 St
116 St,125 St,796,797,Pelham Bay Park Express to 125 St
125 St,3 Av-138 St,797,800,Pelham Bay Park Express to 3 Av-138 St
3 Av-138 St,Hunts Point Av,800,807,Pelham Bay Park Express to Hunts Point Av
Hunts Point Av,Parkchester,809,814,Pelham Bay Park Express to Parkchester
Parkchester,Castle Hill Av,816,818,Pelham Bay Park Express to Castle Hill Av
Castle Hill Av,Zerega Av,818,819,Pelham Bay Park Express to Zerega Av
Zerega Av,Westchester Sq-E Tremont Av,819,820,Pelham Bay Park Express to Westchester Sq-E Tremont Av
Westchester Sq-E Tremont Av,Middletown Rd,820,821,Pelham Bay Park Express to Middletown Rd
Middletown Rd,Buhre Av,821,823,Pelham Bay Park Express to Buhre Av
Buhre Av,Pelham Bay Park,823,825,Pelham Bay Park Express to Pelham Bay Park
Brooklyn Bridge-City Hall,Canal St,774,776,Pelham Bay Park Express to Canal St
Canal St,Spring St,776,777,Pelham Bay Park Express to Spring St
Spring St,Bleecker St,777,778,Pelham Bay Park Express to Bleecker St
Bleecker St,Astor Pl,778,780,Pelham Bay Park Express to Astor Pl
Astor Pl,14 St-Union Sq,780,781,Pelham Bay Park Express to 14 St-Union Sq
14 St-Union Sq,23 St,781,783,Pelham Bay Park Express to 23 St
23 St,28 St,783,784,Pelham Bay Park Express to 28 St
28 St,33 St,784,785,Pelham Bay Park Express to 33 St
33 St,Grand Central-42 St,785,787,Pelham Bay Park Express to Grand Central-42 St
Grand Central-42 St,51 St,789,791,Pelham Bay Park Express to 51 St
51 St,59 St,791,793,Pelham Bay Park Express to 59 St
59 St,68 St-Hunter College,793,794,Pelham Bay Park Express to 68 St-Hunter College
68 St-Hunter College,77 St,794,796,Pelham Bay Park Express to 77 St
77 St,86 St,796,798,Pelham Bay Park Express to 86 St
86 St,96 St,798,800,Pelham Bay Park Express to 96 St
96 St,103 St,800,801,Pelham Bay Park Express to 103 St
103 St,110 St,801,802,Pelham Bay Park Express to 110 St
110 St,116 St,802,804,Pelham Bay Park Express to 116 St
116 St,125 St,804,805,Pelham Bay Park Express to 125 St
125 St,3 Av-138 St,805,808,Pelham Bay Park Express to 3 Av-138 St
3 Av-138 St,Hunts Point Av,808,815,Pelham Bay Park Express to Hunts Point Av
Hunts Point Av,Parkchester,817,822,Pelham Bay Park Express to Parkchester
Parkchester,Castle Hill Av,824,826,Pelham Bay Park Express to Castle Hill Av
Castle Hill Av,Zerega Av,826,827,Pelham Bay Park Express to Zerega Av
Zerega Av,Westchester Sq-E Tremont Av,827,828,Pelham Bay Park Express to Westchester Sq-E Tremont Av
Westchester Sq-E Tremont Av,Middletown Rd,828,829,Pelham Bay Park Express to Middletown Rd
Middletown Rd,Buhre Av,829,831,Pelham Bay Park Express to Buhre Av
Buhre Av,Pelham Bay Park,831,833,Pelham Bay Park Express to Pelham Bay Park
Brooklyn Bridge-City Hall,Canal St,782,784,Pelham Bay Park Express to Canal St
Canal St,Spring St,784,785,Pelham Bay Park Express to Spring St
Spring St,Bleecker St,785,786,Pelham Bay Park Express to Bleecker St
Bleecker St,Astor Pl,786,788,Pelham Bay Park Express to Astor Pl
Astor Pl,14 St-Union Sq,788,789,Pelham Bay Park Express to 14 St-Union Sq
14 St-Union Sq,23 St,789,791,Pelham Bay Park Express to 23 St
23 St,28 St,791,792,Pelham Bay Park Express to 28 St
28 St,33 St,792,793,Pelham Bay Park Express to 33 St
33 St,Grand Central-42 St,793,795,Pelham Bay Park Express to Grand Central-42 St
Grand Central-42 St,51 St,797,799,Pelham Bay Park Express to 51 St
51 St,59 St,799,801,Pelham Bay Park Express to 59 St
59 St,68 St-Hunter College,801,802,Pelham Bay Park Express to 68 St-Hunter College
68 St-Hunter College,77 St,802,804,Pelham Bay Park Express to 77 St
77 St,86 St,804,806,Pelham Bay Park Express to 86 St
86 St,96 St,806,808,Pelham Bay Park Express to 96 St
96 St,103 St,808,809,Pelham Bay Park Express to 103 St
103 St,110 St,809,810,Pelham Bay Park Express to 110 St
110 St,116 St,810,812,Pelham Bay Park Express to 116 St
116 St,125 St,812,813,Pelham Bay Park Express to 125 St
125 St,3 Av-138 St,813,816,Pelham Bay Park Express to 3 Av-138 St
3 Av-138 St,Hunts Point Av,816,823,Pelham Bay Park Express to Hunts Point Av
Hunts Point Av,Parkchester,825,830,Pelham Bay Park Express to Parkchester
Parkchester,Castle Hill Av,832,834,Pelham Bay Park Express to Castle Hill Av
Castle Hill Av,Zerega Av,834,835,Pelham Bay Park Express to Zerega Av
Zerega Av,Westchester Sq-E Tremont Av,835,836,Pelham Bay Park Express to Westchester Sq-E Tremont Av
Westchester Sq-E Tremont Av,Middletown Rd,836,837,Pelham Bay Park Express to Middletown Rd
Middletown Rd,Buhre Av,837,839,Pelham Bay Park Express to Buhre Av
Buhre Av,Pelham Bay Park,839,841,Pelham Bay Park Express to Pelham Bay Park
Brooklyn Bridge-City Hall,Canal St,790,792,Pelham Bay Park Express to Canal St
Canal St,Spring St,792,793,Pelham Bay Park Express to Spring St
Spring St,Bleecker St,793,794,Pelham Bay Park Express to Bleecker St
Bleecker St,Astor Pl,794,796,Pelham Bay Park Express to Astor Pl
Astor Pl,14 St-Union Sq,796,797,Pelham Bay Park Express to 14 St-Union Sq
14 St-Union Sq,23 St,797,799,Pelham Bay Park Express to 23 St
23 St,28 St,799,800,Pelham Bay Park Express to 28 St
28 St,33 St,800,801,Pelham Bay Park Express to 33 St
33 St,Grand Central-42 St,801,803,Pelham Bay Park Express to Grand Central-42 St
Grand Central-42 St,51 St,805,807,Pelham Bay Park Express to 51 St
51 St,59 St,807,809,Pelham Bay Park Express to 59 St
59 St,68 St-Hunter College,809,810,Pelham Bay Park Express to 68 St-Hunter College
68 St-Hunter College,77 St,810,812,Pelham Bay Park Express to 77 St
77 St,86 St,812,814,Pelham Bay Park Express to 86 St
86 St,96 St,814,816,Pelham Bay Park Express to 96 St
96 St,103 St,816,817,Pelham Bay Park Express to 103 St
103 St,110 St,817,818,Pelham Bay Park Express to 110 St
110 St,116 St,818,820,Pelham Bay Park Express to 116 St
116 St,125 St,820,821,Pelham Bay Park Express to 125 St
125 St,3 Av-138 St,821,824,Pelham Bay Park Express to 3 Av-138 St
3 Av-138 St,Hunts Point Av,824,831,Pelham Bay Park Express to Hunts Point Av
Hunts Point Av,Parkchester,833,838,Pelham Bay Park Express to Parkchester
Parkchester,Castle Hill Av,840,842,Pelham Bay Park Express to Castle Hill Av
Castle Hill Av,Zerega Av,842,843,Pelham Bay Park Express to Zerega Av
Zerega Av,Westchester Sq-E Tremont Av,843,844,Pelham Bay Park Express to Westchester Sq-E Tremont Av
Westchester Sq-E Tremont Av,Middletown Rd,844,845,Pelham Bay Park Express to Middletown Rd
Middletown Rd,Buhre Av,845,847,Pelham Bay Park Express to Buhre Av
Buhre Av,Pelham Bay Park,847,849,Pelham Bay Park Express to Pelham Bay Park
Brooklyn Bridge-City Hall,Canal St,798,800,Pelham Bay Park Express to Canal St
Canal St,Spring St,800,801,Pelham Bay Park Express to Spring St
Spring St,Bleecker St,801,802,Pelham Bay Park Express to Bleecker St
Bleecker St,Astor Pl,802,804,Pelham Bay Park Express to Astor Pl
Astor Pl,14 St-Union Sq,804,805,Pelham Bay Park Express to 14 St-Union Sq
14 St-Union Sq,23 St,805,807,Pelham Bay Park Express to 23 St
23 St,28 St,807,808,Pelham Bay Park Express to 28 St
28 St,33 St,808,809,Pelham Bay Park Express to 33 St
33 St,Grand Central-42 St,809,811,Pelham Bay Park Express to Grand Central-42 St
Grand Central-42 St,51 St,813,815,Pelham Bay Park Express to 51 St
51 St,59 St,815,817,Pelham Bay Park Express to 59 St
59 St,68 St-Hunter College,817,818,Pelham Bay Park Express to 68 St-Hunter College
68 St-Hunter College,77 St,818,820,Pelham Bay Park Express to 77 St
77 St,86 St,820,822,Pelham Bay Park Express to 86 St
86 St,96 St,822,824,Pelham Bay Park Express to 96 St
96 St,103 St,824,825,Pelham Bay Park Express to 103 St
103 St,110 St,825,826,Pelham Bay Park Express to 110 St
110 St,116 St,826,828,Pelham Bay Park Express to 116 St
116 St,125 St,828,829,Pelham Bay Park Express to 125 St
125 St,3 Av-138 St,829,832,Pelham Bay Park Express to 3 Av-138 St
3 Av-138 St,Hunts Point Av,832,839,Pelham Bay Park Express to Hunts Point Av
Hunts Point Av,Parkchester,841,846,Pelham Bay Park Express to Parkchester
Parkchester,Castle Hill Av,848,850,Pelham Bay Park Express to Castle Hill Av
Castle Hill Av,Zerega Av,850,851,Pelham Bay Park Express to Zerega Av
Zerega Av,Westchester Sq-E Tremont Av,851,852,Pelham Bay Park Express to Westchester Sq-E Tremont Av
Westchester Sq-E Tremont Av,Middletown Rd,852,853,Pelham Bay Park Express to Middletown Rd
Middletown Rd,Buhre Av,853,855,Pelham Bay Park Express to Buhre Av
Buhre Av,Pelham Bay Park,855,857,Pelham Bay Park Express to Pelham Bay Park
Brooklyn Bridge-City Hall,Canal St,806,808,Pelham Bay Park Express to Canal St
Canal St,Spring St,808,809,Pelham Bay Park Express to Spring St
Spring St,Bleecker St,809,810,Pelham Bay Park Express to Bleecker St
Bleecker St,Astor Pl,810,812,Pelham Bay Park Express to Astor Pl
Astor Pl,14 St-Union Sq,812,813,Pelham Bay Park Express to 14 St-Union Sq
14 St-Union Sq,23 St,813,815,Pelham Bay Park Express to 23 St
23 St,28 St,815,816,Pelham Bay Park Express to 28 St
28 St,33 St,816,817,Pelham Bay Park Express to 33 St
33 St,Grand Central-42 St,817,819,Pelham Bay Park Express to Grand Central-42 St
Grand Central-42 St,51 St,821,823,Pelham Bay Park Express to 51 St
51 St,59 St,823,825,Pelham Bay Park Express to 59 St
59 St,68 St-Hunter College,825,826,Pelham Bay Park Express to 68 St-Hunter College
68 St-Hunter College,77 St,826,828,Pelham Bay Park Express to 77 St
77 St,86 St,828,830,Pelham Bay Park Express to 86 St
86 St,96 St,830,832,Pelham Bay Park Express to 96 St
96 St,103 St,832,833,Pelham Bay Park Express to 103 St
103 St,110 St,833,834,Pelham Bay Park Express to 110 St
110 St,116 St,834,836,Pelham Bay Park Express to 116 St
116 St,125 St,836,837,Pelham Bay Park Express to 125 St
125 St,3 Av-138 St,837,840,Pelham Bay Park Express to 3 Av-138 St
3 Av-138 St,Hunts Point Av,840,847,Pelham Bay Park Express to Hunts Point Av
Hunts Point Av,Parkchester,849,854,Pelham Bay Park Express to Parkchester
Parkchester,Castle Hill Av,856,858,Pelham Bay Park Express to Castle Hill Av
Castle Hill Av,Zerega Av,858,859,Pelham Bay Park Express to Zerega Av
Zerega Av,Westchester Sq-E Tremont Av,859,860,Pelham Bay Park Express to Westchester Sq-E Tremont Av
Westchester Sq-E Tremont Av,Middletown Rd,860,861,Pelham Bay Park Express to Middletown Rd
Middletown Rd,Buhre Av,861,863,Pelham Bay Park Express to Buhre Av
Buhre Av,Pelham Bay Park,863,865,Pelham Bay Park Express to Pelham Bay Park
Brooklyn Bridge-City Hall,Canal St,814,816,Pelham Bay Park Express to Canal St
Canal St,Spring St,816,817,Pelham Bay Park Express to Spring St
Spring St,Bleecker St,817,818,Pelham Bay Park Express to Bleecker St
Bleecker St,Astor Pl,818,820,Pelham Bay Park Express to Astor Pl
Astor Pl,14 St-Union Sq,820,821,Pelham Bay Park Express to 14 St-Union Sq
14 St-Union Sq,23 St,821,823,Pelham Bay Park Express to 23 St
23 St,28 St,823,824,Pelham Bay Park Express to 28 St
28 St,33 St,824,825,Pelham Bay Park Express to 33 St
33 St,Grand Central-42 St,825,827,Pelham Bay Park Express to Grand Central-42 St
Grand Central-42 St,51 St,829,831,Pelham Bay Park Express to 51 St
51 St,59 St,831,833,Pelham Bay Park Express to 59 St
59 St,68 St-Hunter College,833,834,Pelham Bay Park Express to 68 St-Hunter College
68 St-Hunter College,77 St,834,836,Pelham Bay Park Express to 77 St
77 St,86 St,836,838,Pelham Bay Park Express to 86 St
86 St,96 St,838,840,Pelham Bay Park Express to 96 St
96 St,103 St,840,841,Pelham Bay Park Express to 103 St
103 St,110 St,841,842,Pelham Bay Park Express to 110 St
110 St,116 St,842,844,Pelham Bay Park Express to 116 St
116 St,125 St,844,845,Pelham Bay Park Express to 125 St
125 St,3 Av-138 St,845,848,Pelham Bay Park Express to 3 Av-138 St
3 Av-138 St,Hunts Point Av,848,855,Pelham Bay Park Express to Hunts Point Av
Hunts Point Av,Parkchester,857,862,Pelham Bay Park Express to Parkchester
Parkchester,Castle Hill Av,864,866,Pelham Bay Park Express to Castle Hill Av
Castle Hill Av,Zerega Av,866,867,Pelham Bay Park Express to Zerega Av
Zerega Av,Westchester Sq-E Tremont Av,867,868,Pelham Bay Park Express to Westchester Sq-E Tremont Av
Westchester Sq-E Tremont Av,Middletown Rd,868,869,Pelham Bay Park Express to Middletown Rd
Middletown Rd,Buhre Av,869,871,Pelham Bay Park Express to Buhre Av
Buhre Av,Pelham Bay Park,871,873,Pelham Bay Park Express to Pelham Bay Park
Brooklyn Bridge-City Hall,Canal St,822,824,Pelham Bay Park Express to Canal St
Canal St,Spring St,824,825,Pelham Bay Park Express to Spring St
Spring St,Bleecker St,825,826,Pelham Bay Park Express to Bleecker St
Bleecker St,Astor Pl,826,828,Pelham Bay Park Express to Astor Pl
Astor Pl,14 St-Union Sq,828,829,Pelham Bay Park Express to 14 St-Union Sq
14 St-Union Sq,23 St,829,831,Pelham Bay Park Express to 23 St
23 St,28 St,831,832,Pelham Bay Park Express to 28 St
28 St,33 St,832,833,Pelham Bay Park Express to 33 St
33 St,Grand Central-42 St,833,835,Pelham Bay Park Express to Grand Central-42 St
Grand Central-42 St,51 St,837,839,Pelham Bay Park Express to 51 St
51 St,59 St,839,841,Pelham Bay Park Express to 59 St
59 St,68 St-Hunter College,841,842,Pelham Bay Park Express to 68 St-Hunter College
68 St-Hunter College,77 St,842,844,Pelham Bay Park Express to 77 St
77 St,86 St,844,846,Pelham Bay Park Express to 86 St
86 St,96 St,846,848,Pelham Bay Park Express to 96 St
96 St,103 St,848,849,Pelham Bay Park Express to 103 St
103 St,110 St,849,850,Pelham Bay Park Express to 110 St
110 St,116 St,850,852,Pelham Bay Park Express to 116 St
116 St,125 St,852,853,Pelham Bay Park Express to 125 St
125 St,3 Av-138 St,853,856,Pelham Bay Park Express to 3 Av-138 St
3 Av-138 St,Hunts Point Av,856,863,Pelham Bay Park Express to Hunts Point Av
Hunts Point Av,Parkchester,865,870,Pelham Bay Park Express to Parkchester
Parkchester,Castle Hill Av,872,874,Pelham Bay Park Express to Castle Hill Av
Castle Hill Av,Zerega Av,874,875,Pelham Bay Park Express to Zerega Av
Zerega Av,Westchester Sq-E Tremont Av,875,876,Pelham Bay Park Express to Westchester Sq-E Tremont Av
Westchester Sq-E Tremont Av,Middletown Rd,876,877,Pelham Bay Park Express to Middletown Rd
Middletown Rd,Buhre Av,877,879,Pelham Bay Park Express to Buhre Av
Buhre Av,Pelham Bay Park,879,881,Pelham Bay Park Express to Pelham Bay Park
Brooklyn Bridge-City Hall,Canal St,830,832,Pelham Bay Park Express to Canal St
Canal St,Spring St,832,833,Pelham Bay Park Express to Spring St
Spring St,Bleecker St,833,834,Pelham Bay Park Express to Bleecker St
Bleecker St,Astor Pl,834,836,Pelham Bay Park Express to Astor Pl
Astor Pl,14 St-Union Sq,836,837,Pelham Bay Park Express to 14 St-Union Sq
14 St-Union Sq,23 St,837,839,Pelham Bay Park Express to 23 St
23 St,28 St,839,840,Pelham Bay Park Express to 28 St
28 St,33 St,840,841,Pelham Bay Park Express to 33 St
33 St,Grand Central-42 St,841,843,Pelham Bay Park Express to Grand Central-42 St
Grand Central-42 St,51 St,845,847,Pelham Bay Park Express to 51 St
51 St,59 St,847,849,Pelham Bay Park Express to 59 St
59 St,68 St-Hunter College,849,850,Pelham Bay Park Express to 68 St-Hunter College
68 St-Hunter College,77 St,850,852,Pelham Bay Park Express to 77 St
77 St,86 St,852,854,Pelham Bay Park Express to 86 St
86 St,96 St,854,856,Pelham Bay Park Express to 96 St
96 St,103 St,856,857,Pelham Bay Park Express to 103 St
103 St,110 St,857,858,Pelham Bay Park Express to 110 St
110 St,116 St,858,860,Pelham Bay Park Express to 116 St
116 St,125 St,860,861,Pelham Bay Park Express to 125 St
125 St,3 Av-138 St,861,864,Pelham Bay Park Express to 3 Av-138 St
3 Av-138 St,Hunts Point Av,864,871,Pelham Bay Park Express to Hunts Point Av
Hunts Point Av,Parkchester,873,878,Pelham Bay Park Express to Parkchester
Parkchester,Castle Hill Av,880,882,Pelham Bay Park Express to Castle Hill Av
Castle Hill Av,Zerega Av,882,883,Pelham Bay Park Express to Zerega Av
Zerega Av,Westchester Sq-E Tremont Av,883,884,Pelham Bay Park Express to Westchester Sq-E Tremont Av
Westchester Sq-E Tremont Av,Middletown Rd,884,885,Pelham Bay Park Express to Middletown Rd
Middletown Rd,Buhre Av,885,887,Pelham Bay Park Express to Buhre Av
Buhre Av,Pelham Bay Park,887,889,Pelham Bay Park Express to Pelham Bay Park
Brooklyn Bridge-City Hall,Canal St,838,840,Pelham Bay Park Express to Canal St
Canal St,Spring St,840,841,Pelham Bay Park Express to Spring St
Spring St,Bleecker St,841,842,Pelham Bay Park Express to Bleecker St
Bleecker St,Astor Pl,842,844,Pelham Bay Park Express to Astor Pl
Astor Pl,14 St-Union Sq,844,845,Pelham Bay Park Express to 14 St-Union Sq
14 St-Union Sq,23 St,845,847,Pelham Bay Park Express to 23 St
23 St,28 St,847,848,Pelham Bay Park Express to 28 St
28 St,33 St,848,849,Pelham Bay Park Express to 33 St
33 St,Grand Central-42 St,849,851,Pelham Bay Park Express to Grand Central-42 St
Grand Central-42 St,51 St,853,855,Pelham Bay Park Express to 51 St
51 St,59 St,855,857,Pelham Bay Park Express to 59 St
59 St,68 St-Hunter College,857,858,Pelham Bay Park Express to 68 St-Hunter College
68 St-Hunter College,77 St,858,860,Pelham Bay Park Express to 77 St
77 St,86 St,860,862,Pelham Bay Park Express to 86 St
86 St,96 St,862,864,Pelham Bay Park Express to 96 St
96 St,103 St,864,865,Pelham Bay Park Express to 103 St
103 St,110 St,865,866,Pelham Bay Park Express to 110 St
110 St,116 St,866,868,Pelham Bay Park Express to 116 St
116 St,125 St,868,869,Pelham Bay Park Express to 125 St
125 St,3 Av-138 St,869,872,Pelham Bay Park Express to 3 Av-138 St
3 Av-138 St,Hunts Point Av,872,879,Pelham Bay Park Express to Hunts Point Av
Hunts Point Av,Parkchester,881,886,Pelham Bay Park Express to Parkchester
Parkchester,Castle Hill Av,888,890,Pelham Bay Park Express to Castle Hill Av
Castle Hill Av,Zerega Av,890,891,Pelham Bay Park Express to Zerega Av
Zerega Av,Westchester Sq-E Tremont Av,891,892,Pelham Bay Park Express to Westchester Sq-E Tremont Av
Westchester Sq-E Tremont Av,Middletown Rd,892,893,Pelham Bay Park Express to Middletown Rd
Middletown Rd,Buhre Av,893,895,Pelham Bay Park Express to Buhre Av
Buhre Av,Pelham Bay Park,895,897,Pelham Bay Park Express to Pelham Bay Park
Brooklyn Bridge-City Hall,Canal St,846,848,Pelham Bay Park Express to Canal St
Canal St,Spring St,848,849,Pelham Bay Park Express to Spring St
Spring St,Bleecker St,849,850,Pelham Bay Park Express to Bleecker St
Bleecker St,Astor Pl,850,852,Pelham Bay Park Express to Astor Pl
Astor Pl,14 St-Union Sq,852,853,Pelham Bay Park Express to 14 St-Union Sq
14 St-Union Sq,23 St,853,855,Pelham Bay Park Express to 23 St
23 St,28 St,855,856,Pelham Bay Park Express to 28 St
28 St,33 St,856,857,Pelham Bay Park Express to 33 St
33 St,Grand Central-42 St,857,859,Pelham Bay Park Express to Grand Central-42 St
Grand Central-42 St,51 St,861,863,Pelham Bay Park Express to 51 St
51 St,59 St,863,865,Pelham Bay Park Express to 59 St
59 St,68 St-Hunter College,865,866,Pelham Bay Park Express to 68 St-Hunter College
68 St-Hunter College,77 St,866,868,Pelham Bay Park Express to 77 St
77 St,86 St,868,870,Pelham Bay Park Express to 86 St
86 St,96 St,870,872,Pelham Bay Park Express to 96 St
96 St,103 St,872,873,Pelham Bay Park Express to 103 St
103 St,110 St,873,874,Pelham Bay Park Express to 110 St
110 St,116 St,874,876,Pelham Bay Park Express to 116 St
116 St,125 St,876,877,Pelham Bay Park Express to 125 St
125 St,3 Av-138 St,877,880,Pelham Bay Park Express to 3 Av-138 St
3 Av-138 St,Hunts Point Av,880,887,Pelham Bay Park Express to Hunts Point Av
Hunts Point Av,Parkchester,889,894,Pelham Bay Park Express to Parkchester
Parkchester,Castle Hill Av,896,898,Pelham Bay Park Express to Castle Hill Av
Castle Hill Av,Zerega Av,898,899,Pelham Bay Park Express to Zerega Av
Zerega Av,Westchester Sq-E Tremont Av,899,900,Pelham Bay Park Express to Westchester Sq-E Tremont Av
Westchester Sq-E Tremont Av,Middletown Rd,900,901,Pelham Bay Park Express to Middletown Rd
Middletown Rd,Buhre Av,901,903,Pelham Bay Park Express to Buhre Av
Buhre Av,Pelham Bay Park,903,905,Pelham Bay Park Express to Pelham Bay Park
Brooklyn Bridge-City Hall,Canal St,854,856,Pelham Bay Park Express to Canal St
Canal St,Spring St,856,857,Pelham Bay Park Express to Spring St
Spring St,Bleecker St,857,858,Pelham Bay Park Express to Bleecker St
Bleecker St,Astor Pl,858,860,Pelham Bay Park Express to Astor Pl
Astor Pl,14 St-Union Sq,860,861,Pelham Bay Park Express to 14 St-Union Sq
14 St-Union Sq,23 St,861,863,Pelham Bay Park Express to 23 St
23 St,28 St,863,864,Pelham Bay Park Express to 28 St
28 St,33 St,864,865,Pelham Bay Park Express to 33 St
33 St,Grand Central-42 St,865,867,Pelham Bay Park Express to Grand Central-42 St
Grand Central-42 St,51 St,869,871,Pelham Bay Park Express to 51 St
51 St,59 St,871,873,Pelham Bay Park Express to 59 St
59 St,68 St-Hunter College,873,874,Pelham Bay Park Express to 68 St-Hunter College
68 St-Hunter College,77 St,874,876,Pelham Bay Park Express to 77 St
77 St,86 St,876,878,Pelham Bay Park Express to 86 St
86 St,96 St,878,880,Pelham Bay Park Express to 96 St
96 St,103 St,880,881,Pelham Bay Park Express to 103 St
103 St,110 St,881,882,Pelham Bay Park Express to 110 St
110 St,116 St,882,884,Pelham Bay Park Express to 116 St
116 St,125 St,884,885,Pelham Bay Park Express to 125 St
125 St,3 Av-138 St,885,888,Pelham Bay Park Express to 3 Av-138 St
3 Av-138 St,Hunts Point Av,888,895,Pelham Bay Park Express to Hunts Point Av
Hunts Point Av,Parkchester,897,902,Pelham Bay Park Express to Parkchester
Parkchester,Castle Hill Av,904,906,Pelham Bay Park Express to Castle Hill Av
Castle Hill Av,Zerega Av,906,907,Pelham Bay Park Express to Zerega Av
Zerega Av,Westchester Sq-E Tremont Av,907,908,Pelham Bay Park Express to Westchester Sq-E Tremont Av
Westchester Sq-E Tremont Av,Middletown Rd,908,909,Pelham Bay Park Express to Middletown Rd
Middletown Rd,Buhre Av,909,911,Pelham Bay Park Express to Buhre Av
Buhre Av,Pelham Bay Park,911,913,Pelham Bay Park Express to Pelham Bay Park
Brooklyn Bridge-City Hall,Canal St,862,864,Pelham Bay Park Express to Canal St
Canal St,Spring St,864,865,Pelham Bay Park Express to Spring St
Spring St,Bleecker St,865,866,Pelham Bay Park Express to Bleecker St
Bleecker St,Astor Pl,866,868,Pelham Bay Park Express to Astor Pl
Astor Pl,14 St-Union Sq,868,869,Pelham Bay Park Express to 14 St-Union Sq
14 St-Union Sq,23 St,869,871,Pelham Bay Park Express to 23 St
23 St,28 St,871,872,Pelham Bay Park Express to 28 St
28 St,33 St,872,873,Pelham Bay Park Express to 33 St
33 St,Grand Central-42 St,873,875,Pelham Bay Park Express to Grand Central-42 St
Grand Central-42 St,51 St,877,879,Pelham Bay Park Express to 51 St
51 St,59 St,879,881,Pelham Bay Park Express to 59 St
59 St,68 St-Hunter College,881,882,Pelham Bay Park Express to 68 St-Hunter College
68 St-Hunter College,77 St,882,884,Pelham Bay Park Express to 77 St
77 St,86 St,884,886,Pelham Bay Park Express to 86 St
86 St,96 St,886,888,Pelham Bay Park Express to 96 St
96 St,103 St,888,889,Pelham Bay Park Express to 103 St
103 St,110 St,889,890,Pelham Bay Park Express to 110 St
110 St,116 St,890,892,Pelham Bay Park Express to 116 St
116 St,125 St,892,893,Pelham Bay Park Express to 125 St
125 St,3 Av-138 St,893,896,Pelham Bay Park Express to 3 Av-138 St
3 Av-138 St,Hunts Point Av,896,903,Pelham Bay Park Express to Hunts Point Av
Hunts Point Av,Parkchester,905,910,Pelham Bay Park Express to Parkchester
Parkchester,Castle Hill Av,912,914,Pelham Bay Park Express to Castle Hill Av
Castle Hill Av,Zerega Av,914,915,Pelham Bay Park Express to Zerega Av
Zerega Av,Westchester Sq-E Tremont Av,915,916,Pelham Bay Park Express to Westchester Sq-E Tremont Av
Westchester Sq-E Tremont Av,Middletown Rd,916,917,Pelham Bay Park Express to Middletown Rd
Middletown Rd,Buhre Av,917,919,Pelham Bay Park Express to Buhre Av
Buhre Av,Pelham Bay Park,919,921,Pelham Bay Park Express to Pelham Bay Park
Brooklyn Bridge-City Hall,Canal St,870,872,Pelham Bay Park Express to Canal St
Canal St,Spring St,872,873,Pelham Bay Park Express to Spring St
Spring St,Bleecker St,873,874,Pelham Bay Park Express to Bleecker St
Bleecker St,Astor Pl,874,876,Pelham Bay Park Express to Astor Pl
Astor Pl,14 St-Union Sq,876,877,Pelham Bay Park Express to 14 St-Union Sq
14 St-Union Sq,23 St,877,879,Pelham Bay Park Express to 23 St
23 St,28 St,879,880,Pelham Bay Park Express to 28 St
28 St,33 St,880,881,Pelham Bay Park Express to 33 St
33 St,Grand Central-42 St,881,883,Pelham Bay Park Express to Grand Central-42 St
Grand Central-42 St,51 St,885,887,Pelham Bay Park Express to 51 St
51 St,59 St,887,889,Pelham Bay Park Express to 59 St
59 St,68 St-Hunter College,889,890,Pelham Bay Park Express to 68 St-Hunter College
68 St-Hunter College,77 St,890,892,Pelham Bay Park Express to 77 St
77 St,86 St,892,894,Pelham Bay Park Express to 86 St
86 St,96 St,894,896,Pelham Bay Park Express to 96 St
96 St,103 St,896,897,Pelham Bay Park Express to 103 St
103 St,110 St,897,898,Pelham Bay Park Express to 110 St
110 St,116 St,898,900,Pelham Bay Park Express to 116 St
116 St,125 St,900,901,Pelham Bay Park Express to 125 St
125 St,3 Av-138 St,901,904,Pelham Bay Park Express to 3 Av-138 St
3 Av-138 St,Hunts Point Av,904,911,Pelham Bay Park Express to Hunts Point Av
Hunts Point Av,Parkchester,912,917,Pelham Bay Park Express to Parkchester
Parkchester,Castle Hill Av,918,920,Pelham Bay Park Express to Castle Hill Av
Castle Hill Av,Zerega Av,920,921,Pelham Bay Park Express to Zerega Av
Zerega Av,Westchester Sq-E Tremont Av,921,922,Pelham Bay Park Express to Westchester Sq-E Tremont Av
Westchester Sq-E Tremont Av,Middletown Rd,922,923,Pelham Bay Park Express to Middletown Rd
Middletown Rd,Buhre Av,923,925,Pelham Bay Park Express to Buhre Av
Buhre Av,Pelham Bay Park,925,927,Pelham Bay Park Express to Pelham Bay Park
Brooklyn Bridge-City Hall,Canal St,878,880,Pelham Bay Park Express to Canal St
Canal St,Spring St,880,881,Pelham Bay Park Express to Spring St
Spring St,Bleecker St,881,882,Pelham Bay Park Express to Bleecker St
Bleecker St,Astor Pl,882,884,Pelham Bay Park Express to Astor Pl
Astor Pl,14 St-Union Sq,884,885,Pelham Bay Park Express to 14 St-Union Sq
14 St-Union Sq,23 St,885,887,Pelham Bay Park Express to 23 St
23 St,28 St,887,888,Pelham Bay Park Express to 28 St
28 St,33 St,888,889,Pelham Bay Park Express to 33 St
33 St,Grand Central-42 St,889,891,Pelham Bay Park Express to Grand Central-42 St
Grand Central-42 St,51 St,893,895,Pelham Bay Park Express to 51 St
51 St,59 St,895,897,Pelham Bay Park Express to 59 St
59 St,68 St-Hunter College,897,898,Pelham Bay Park Express to 68 St-Hunter College
68 St-Hunter College,77 St,898,900,Pelham Bay Park Express to 77 St
77 St,86 St,900,902,Pelham Bay Park Express to 86 St
86 St,96 St,902,904,Pelham Bay Park Express to 96 St
96 St,103 St,904,905,Pelham Bay Park Express to 103 St
103 St,110 St,905,906,Pelham Bay Park Express to 110 St
110 St,116 St,906,908,Pelham Bay Park Express to 116 St
116 St,125 St,908,909,Pelham Bay Park Express to 125 St
125 St,3 Av-138 St,909,912,Pelham Bay Park Express to 3 Av-138 St
3 Av-138 St,Hunts Point Av,912,919,Pelham Bay Park Express to Hunts Point Av
Hunts Point Av,Parkchester,920,925,Pelham Bay Park Express to Parkchester
Parkchester,Castle Hill Av,926,928,Pelham Bay Park Express to Castle Hill Av
Castle Hill Av,Zerega Av,928,929,Pelham Bay Park Express to Zerega Av
Zerega Av,Westchester Sq-E Tremont Av,929,930,Pelham Bay Park Express to Westchester Sq-E Tremont Av
Westchester Sq-E Tremont Av,Middletown Rd,930,931,Pelham Bay Park Express to Middletown Rd
Middletown Rd,Buhre Av,931,933,Pelham Bay Park Express to Buhre Av
Buhre Av,Pelham Bay Park,933,935,Pelham Bay Park Express to Pelham Bay Park
Brooklyn Bridge-City Hall,Canal St,886,888,Pelham Bay Park Express to Canal St
Canal St,Spring St,888,889,Pelham Bay Park Express to Spring St
Spring St,Bleecker St,889,890,Pelham Bay Park Express to Bleecker St
Bleecker St,Astor Pl,890,892,Pelham Bay Park Express to Astor Pl
Astor Pl,14 St-Union Sq,892,893,Pelham Bay Park Express to 14 St-Union Sq
14 St-Union Sq,23 St,893,895,Pelham Bay Park Express to 23 St
23 St,28 St,895,896,Pelham Bay Park Express to 28 St
28 St,33 St,896,897,Pelham Bay Park Express to 33 St
33 St,Grand Central-42 St,897,899,Pelham Bay Park Express to Grand Central-42 St
Grand Central-42 St,51 St,899,901,Pelham Bay Park Express to 51 St
51 St,59 St,901,903,Pelham Bay Park Express to 59 St
59 St,68 St-Hunter College,903,904,Pelham Bay Park Express to 68 St-Hunter College
68 St-Hunter College,77 St,904,906,Pelham Bay Park Express to 77 St
77 St,86 St,906,908,Pelham Bay Park Express to 86 St
86 St,96 St,908,910,Pelham Bay Park Express to 96 St
96 St,103 St,910,911,Pelham Bay Park Express to 103 St
103 St,110 St,911,912,Pelham Bay Park Express to 110 St
110 St,116 St,912,914,Pelham Bay Park Express to 116 St
116 St,125 St,914,915,Pelham Bay Park Express to 125 St
125 St,3 Av-138 St,915,918,Pelham Bay Park Express to 3 Av-138 St
3 Av-138 St,Hunts Point Av,918,925,Pelham Bay Park Express to Hunts Point Av
Hunts Point Av,Parkchester,926,931,Pelham Bay Park Express to Parkchester
Parkchester,Castle Hill Av,931,933,Pelham Bay Park Express to Castle Hill Av
Castle Hill Av,Zerega Av,933,934,Pelham Bay Park Express to Zerega Av
Zerega Av,Westchester Sq-E Tremont Av,934,935,Pelham Bay Park Express to Westchester Sq-E Tremont Av
Westchester Sq-E Tremont Av,Middletown Rd,935,937,Pelham Bay Park Express to Middletown Rd
Middletown Rd,Buhre Av,937,938,Pelham Bay Park Express to Buhre Av
Buhre Av,Pelham Bay Park,938,941,Pelham Bay Park Express to Pelham Bay Park
Brooklyn Bridge-City Hall,Canal St,894,896,Pelham Bay Park Express to Canal St
Canal St,Spring St,896,897,Pelham Bay Park Express to Spring St
Spring St,Bleecker St,897,898,Pelham Bay Park Express to Bleecker St
Bleecker St,Astor Pl,898,900,Pelham Bay Park Express to Astor Pl
Astor Pl,14 St-Union Sq,900,901,Pelham Bay Park Express to 14 St-Union Sq
14 St-Union Sq,23 St,901,903,Pelham Bay Park Express to 23 St
23 St,28 St,903,904,Pelham Bay Park Express to 28 St
28 St,33 St,904,905,Pelham Bay Park Express to 33 St
33 St,Grand Central-42 St,905,907,Pelham Bay Park Express to Grand Central-42 St
Grand Central-42 St,51 St,907,909,Pelham Bay Park Express to 51 St
51 St,59 St,909,911,Pelham Bay Park Express to 59 St
59 St,68 St-Hunter College,911,912,Pelham Bay Park Express to 68 St-Hunter College
68 St-Hunter College,77 St,912,914,Pelham Bay Park Express to 77 St
77 St,86 St,914,916,Pelham Bay Park Express to 86 St
86 St,96 St,916,918,Pelham Bay Park Express to 96 St
96 St,103 St,918,919,Pelham Bay Park Express to 103 St
103 St,110 St,919,920,Pelham Bay Park Express to 110 St
110 St,116 St,920,922,Pelham Bay Park Express to 116 St
116 St,125 St,922,923,Pelham Bay Park Express to 125 St
125 St,3 Av-138 St,923,926,Pelham Bay Park Express to 3 Av-138 St
3 Av-138 St,Hunts Point Av,926,933,Pelham Bay Park Express to Hunts Point Av
Hunts Point Av,Parkchester,934,939,Pelham Bay Park Express to Parkchester
Parkchester,Castle Hill Av,940,942,Pelham Bay Park Express to Castle Hill Av
Castle Hill Av,Zerega Av,942,943,Pelham Bay Park Express to Zerega Av
Zerega Av,Westchester Sq-E Tremont Av,943,944,Pelham Bay Park Express to Westchester Sq-E Tremont Av
Westchester Sq-E Tremont Av,Middletown Rd,944,946,Pelham Bay Park Express to Middletown Rd
Middletown Rd,Buhre Av,946,947,Pelham Bay Park Express to Buhre Av
Buhre Av,Pelham Bay Park,947,950,Pelham Bay Park Express to Pelham Bay Park
Brooklyn Bridge-City Hall,Canal St,902,904,Pelham Bay Park Express to Canal St
Canal St,Spring St,904,905,Pelham Bay Park Express to Spring St
Spring St,Bleecker St,905,906,Pelham Bay Park Express to Bleecker St
Bleecker St,Astor Pl,906,908,Pelham Bay Park Express to Astor Pl
Astor Pl,14 St-Union Sq,908,909,Pelham Bay Park Express to 14 St-Union Sq
14 St-Union Sq,23 St,909,911,Pelham Bay Park Express to 23 St
23 St,28 St,911,912,Pelham Bay Park Express to 28 St
28 St,33 St,912,913,Pelham Bay Park Express to 33 St
33 St,Grand Central-42 St,913,915,Pelham Bay Park Express to Grand Central-42 St
Grand Central-42 St,51 St,915,917,Pelham Bay Park Express to 51 St
51 St,59 St,917,919,Pelham Bay Park Express to 59 St
59 St,68 St-Hunter College,919,920,Pelham Bay Park Express to 68 St-Hunter College
68 St-Hunter College,77 St,920,922,Pelham Bay Park Express to 77 St
77 St,86 St,922,924,Pelham Bay Park Express to 86 St
86 St,96 St,924,926,Pelham Bay Park Express to 96 St
96 St,103 St,926,927,Pelham Bay Park Express to 103 St
103 St,110 St,927,928,Pelham Bay Park Express to 110 St
110 St,116 St,928,930,Pelham Bay Park Express to 116 St
116 St,125 St,930,931,Pelham Bay Park Express to 125 St
125 St,3 Av-138 St,931,934,Pelham Bay Park Express to 3 Av-138 St
3 Av-138 St,Hunts Point Av,934,941,Pelham Bay Park Express to Hunts Point Av
Hunts Point Av,Parkchester,942,947,Pelham Bay Park Express to Parkchester
Parkchester,Castle Hill Av,948,950,Pelham Bay Park Express to Castle Hill Av
Castle Hill Av,Zerega Av,950,951,Pelham Bay Park Express to Zerega Av
Zerega Av,Westchester Sq-E Tremont Av,951,952,Pelham Bay Park Express to Westchester Sq-E Tremont Av
Westchester Sq-E Tremont Av,Middletown Rd,952,954,Pelham Bay Park Express to Middletown Rd
Middletown Rd,Buhre Av,954,955,Pelham Bay Park Express to Buhre Av
Buhre Av,Pelham Bay Park,955,958,Pelham Bay Park Express to Pelham Bay Park
Brooklyn Bridge-City Hall,Canal St,910,912,Pelham Bay Park Express to Canal St
Canal St,Spring St,912,913,Pelham Bay Park Express to Spring St
Spring St,Bleecker St,913,914,Pelham Bay Park Express to Bleecker St
Bleecker St,Astor Pl,914,916,Pelham Bay Park Express to Astor Pl
Astor Pl,14 St-Union Sq,916,917,Pelham Bay Park Express to 14 St-Union Sq
14 St-Union Sq,23 St,917,919,Pelham Bay Park Express to 23 St
23 St,28 St,919,920,Pelham Bay Park Express to 28 St
28 St,33 St,920,921,Pelham Bay Park Express to 33 St
33 St,Grand Central-42 St,921,923,Pelham Bay Park Express to Grand Central-42 St
Grand Central-42 St,51 St,923,925,Pelham Bay Park Express to 51 St
51 St,59 St,925,927,Pelham Bay Park Express to 59 St
59 St,68 St-Hunter College,927,928,Pelham Bay Park Express to 68 St-Hunter College
68 St-Hunter College,77 St,928,930,Pelham Bay Park Express to 77 St
77 St,86 St,930,932,Pelham Bay Park Express to 86 St
86 St,96 St,932,934,Pelham Bay Park Express to 96 St
96 St,103 St,934,935,Pelham Bay Park Express to 103 St
103 St,110 St,935,936,Pelham Bay Park Express to 110 St
110 St,116 St,936,938,Pelham Bay Park Express to 116 St
116 St,125 St,938,939,Pelham Bay Park Express to 125 St
125 St,3 Av-138 St,939,942,Pelham Bay Park Express to 3 Av-138 St
3 Av-138 St,Hunts Point Av,942,949,Pelham Bay Park Express to Hunts Point Av
Hunts Point Av,Parkchester,950,955,Pelham Bay Park Express to Parkchester
Parkchester,Castle Hill Av,957,959,Pelham Bay Park Express to Castle Hill Av
Castle Hill Av,Zerega Av,959,960,Pelham Bay Park Express to Zerega Av
Zerega Av,Westchester Sq-E Tremont Av,960,961,Pelham Bay Park Express to Westchester Sq-E Tremont Av
Westchester Sq-E Tremont Av,Middletown Rd,961,963,Pelham Bay Park Express to Middletown Rd
Middletown Rd,Buhre Av,963,964,Pelham Bay Park Express to Buhre Av
Buhre Av,Pelham Bay Park,964,967,Pelham Bay Park Express to Pelham Bay Park
Brooklyn Bridge-City Hall,Canal St,918,920,Pelham Bay Park Express to Canal St
Canal St,Spring St,920,921,Pelham Bay Park Express to Spring St
Spring St,Bleecker St,921,922,Pelham Bay Park Express to Bleecker St
Bleecker St,Astor Pl,922,924,Pelham Bay Park Express to Astor Pl
Astor Pl,14 St-Union Sq,924,925,Pelham Bay Park Express to 14 St-Union Sq
14 St-Union Sq,23 St,925,927,Pelham Bay Park Express to 23 St
23 St,28 St,927,928,Pelham Bay Park Express to 28 St
28 St,33 St,928,929,Pelham Bay Park Express to 33 St
33 St,Grand Central-42 St,929,931,Pelham Bay Park Express to Grand Central-42 St
Grand Central-42 St,51 St,931,933,Pelham Bay Park Express to 51 St
51 St,59 St,933,935,Pelham Bay Park Express to 59 St
59 St,68 St-Hunter College,935,936,Pelham Bay Park Express to 68 St-Hunter College
68 St-Hunter College,77 St,936,938,Pelham Bay Park Express to 77 St
77 St,86 St,938,940,Pelham Bay Park Express to 86 St
86 St,96 St,940,942,Pelham Bay Park Express to 96 St
96 St,103 St,942,943,Pelham Bay Park Express to 103 St
103 St,110 St,943,944,Pelham Bay Park Express to 110 St
110 St,116 St,944,946,Pelham Bay Park Express to 116 St
116 St,125 St,946,947,Pelham Bay Park Express to 125 St
125 St,3 Av-138 St,947,950,Pelham Bay Park Express to 3 Av-138 St
3 Av-138 St,Hunts Point Av,950,957,Pelham Bay Park Express to Hunts Point Av
Hunts Point Av,Parkchester,958,963,Pelham Bay Park Express to Parkchester
Parkchester,Castle Hill Av,963,965,Pelham Bay Park Express to Castle Hill Av
Castle Hill Av,Zerega Av,965,966,Pelham Bay Park Express to Zerega Av
Zerega Av,Westchester Sq-E Tremont Av,966,967,Pelham Bay Park Express to Westchester Sq-E Tremont Av
Westchester Sq-E Tremont Av,Middletown Rd,967,969,Pelham Bay Park Express to Middletown Rd
Middletown Rd,Buhre Av,969,970,Pelham Bay Park Express to Buhre Av
Buhre Av,Pelham Bay Park,970,973,Pelham Bay Park Express to Pelham Bay Park
Brooklyn Bridge-City Hall,Canal St,926,928,Pelham Bay Park Express to Canal St
Canal St,Spring St,928,929,Pelham Bay Park Express to Spring St
Spring St,Bleecker St,929,930,Pelham Bay Park Express to Bleecker St
Bleecker St,Astor Pl,930,932,Pelham Bay Park Express to Astor Pl
Astor Pl,14 St-Union Sq,932,933,Pelham Bay Park Express to 14 St-Union Sq
14 St-Union Sq,23 St,933,935,Pelham Bay Park Express to 23 St
23 St,28 St,935,936,Pelham Bay Park Express to 28 St
28 St,33 St,936,937,Pelham Bay Park Express to 33 St
33 St,Grand Central-42 St,937,939,Pelham Bay Park Express to Grand Central-42 St
Grand Central-42 St,51 St,939,941,Pelham Bay Park Express to 51 St
51 St,59 St,941,943,Pelham Bay Park Express to 59 St
59 St,68 St-Hunter College,943,944,Pelham Bay Park Express to 68 St-Hunter College
68 St-Hunter College,77 St,944,946,Pelham Bay Park Express to 77 St
77 St,86 St,946,948,Pelham Bay Park Express to 86 St
86 St,96 St,948,950,Pelham Bay Park Express to 96 St
96 St,103 St,950,951,Pelham Bay Park Express to 103 St
103 St,110 St,951,952,Pelham Bay Park Express to 110 St
110 St,116 St,952,954,Pelham Bay Park Express to 116 St
116 St,125 St,954,955,Pelham Bay Park Express to 125 St
125 St,3 Av-138 St,955,958,Pelham Bay Park Express to 3 Av-138 St
3 Av-138 St,Hunts Point Av,958,965,Pelham Bay Park Express to Hunts Point Av
Hunts Point Av,Parkchester,966,971,Pelham Bay Park Express to Parkchester
Parkchester,Castle Hill Av,973,975,Pelham Bay Park Express to Castle Hill Av
Castle Hill Av,Zerega Av,975,976,Pelham Bay Park Express to Zerega Av
Zerega Av,Westchester Sq-E Tremont Av,976,977,Pelham Bay Park Express to Westchester Sq-E Tremont Av
Westchester Sq-E Tremont Av,Middletown Rd,977,979,Pelham Bay Park Express to Middletown Rd
Middletown Rd,Buhre Av,979,980,Pelham Bay Park Express to Buhre Av
Buhre Av,Pelham Bay Park,980,983,Pelham Bay Park Express to Pelham Bay Park
Brooklyn Bridge-City Hall,Canal St,934,936,Pelham Bay Park Express to Canal St
Canal St,Spring St,936,937,Pelham Bay Park Express to Spring St
Spring St,Bleecker St,937,938,Pelham Bay Park Express to Bleecker St
Bleecker St,Astor Pl,938,940,Pelham Bay Park Express to Astor Pl
Astor Pl,14 St-Union Sq,940,941,Pelham Bay Park Express to 14 St-Union Sq
14 St-Union Sq,23 St,941,943,Pelham Bay Park Express to 23 St
23 St,28 St,943,944,Pelham Bay Park Express to 28 St
28 St,33 St,944,945,Pelham Bay Park Express to 33 St
33 St,Grand Central-42 St,945,947,Pelham Bay Park Express to Grand Central-42 St
Grand Central-42 St,51 St,947,949,Pelham Bay Park Express to 51 St
51 St,59 St,949,951,Pelham Bay Park Express to 59 St
59 St,68 St-Hunter College,951,952,Pelham Bay Park Express to 68 St-Hunter College
68 St-Hunter College,77 St,952,954,Pelham Bay Park Express to 77 St
77 St,86 St,954,956,Pelham Bay Park Express to 86 St
86 St,96 St,956,958,Pelham Bay Park Express to 96 St
96 St,103 St,958,959,Pelham Bay Park Express to 103 St
103 St,110 St,959,960,Pelham Bay Park Express to 110 St
110 St,116 St,960,962,Pelham Bay Park Express to 116 St
116 St,125 St,962,963,Pelham Bay Park Express to 125 St
125 St,3 Av-138 St,963,966,Pelham Bay Park Express to 3 Av-138 St
3 Av-138 St,Hunts Point Av,966,973,Pelham Bay Park Express to Hunts Point Av
Hunts Point Av,Parkchester,974,979,Pelham Bay Park Express to Parkchester
Parkchester,Castle Hill Av,979,981,Pelham Bay Park Express to Castle Hill Av
Castle Hill Av,Zerega Av,981,982,Pelham Bay Park Express to Zerega Av
Zerega Av,Westchester Sq-E Tremont Av,982,983,Pelham Bay Park Express to Westchester Sq-E Tremont Av
Westchester Sq-E Tremont Av,Middletown Rd,983,985,Pelham Bay Park Express to Middletown Rd
Middletown Rd,Buhre Av,985,986,Pelham Bay Park Express to Buhre Av
Buhre Av,Pelham Bay Park,986,989,Pelham Bay Park Express to Pelham Bay Park
Brooklyn Bridge-City Hall,Canal St,941,943,Pelham Bay Park Express to Canal St
Canal St,Spring St,943,945,Pelham Bay Park Express to Spring St
Spring St,Bleecker St,945,946,Pelham Bay Park Express to Bleecker St
Bleecker St,Astor Pl,946,947,Pelham Bay Park Express to Astor Pl
Astor Pl,14 St-Union Sq,947,949,Pelham Bay Park Express to 14 St-Union Sq
14 St-Union Sq,23 St,949,951,Pelham Bay Park Express to 23 St
23 St,28 St,951,952,Pelham Bay Park Express to 28 St
28 St,33 St,952,953,Pelham Bay Park Express to 33 St
33 St,Grand Central-42 St,953,955,Pelham Bay Park Express to Grand Central-42 St
Grand Central-42 St,51 St,955,957,Pelham Bay Park Express to 51 St
51 St,59 St,957,958,Pelham Bay Park Express to 59 St
59 St,68 St-Hunter College,958,960,Pelham Bay Park Express to 68 St-Hunter College
68 St-Hunter College,77 St,960,962,Pelham Bay Park Express to 77 St
77 St,86 St,962,963,Pelham Bay Park Express to 86 St
86 St,96 St,964,966,Pelham Bay Park Express to 96 St
96 St,103 St,966,968,Pelham Bay Park Express to 103 St
103 St,110 St,968,969,Pelham Bay Park Express to 110 St
110 St,116 St,969,970,Pelham Bay Park Express to 116 St
116 St,125 St,970,972,Pelham Bay Park Express to 125 St
125 St,3 Av-138 St,972,975,Pelham Bay Park Express to 3 Av-138 St
3 Av-138 St,Hunts Point Av,975,982,Pelham Bay Park Express to Hunts Point Av
Hunts Point Av,Parkchester,983,988,Pelham Bay Park Express to Parkchester
Parkchester,Castle Hill Av,988,990,Pelham Bay Park Express to Castle Hill Av
Castle Hill Av,Zerega Av,990,991,Pelham Bay Park Express to Zerega Av
Zerega Av,Westchester Sq-E Tremont Av,991,992,Pelham Bay Park Express to Westchester Sq-E Tremont Av
Westchester Sq-E Tremont Av,Middletown Rd,992,994,Pelham Bay Park Express to Middletown Rd
Middletown Rd,Buhre Av,994,995,Pelham Bay Park Express to Buhre Av
Buhre Av,Pelham Bay Park,995,998,Pelham Bay Park Express to Pelham Bay Park
Brooklyn Bridge-City Hall,Canal St,948,950,Pelham Bay Park Express to Canal St
Canal St,Spring St,950,952,Pelham Bay Park Express to Spring St
Spring St,Bleecker St,952,953,Pelham Bay Park Express to Bleecker St
Bleecker St,Astor Pl,953,954,Pelham Bay Park Express to Astor Pl
Astor Pl,14 St-Union Sq,954,956,Pelham Bay Park Express to 14 St-Union Sq
14 St-Union Sq,23 St,956,958,Pelham Bay Park Express to 23 St
23 St,28 St,958,959,Pelham Bay Park Express to 28 St
28 St,33 St,959,960,Pelham Bay Park Express to 33 St
33 St,Grand Central-42 St,960,962,Pelham Bay Park Express to Grand Central-42 St
Grand Central-42 St,51 St,962,964,Pelham Bay Park Express to 51 St
51 St,59 St,964,965,Pelham Bay Park Express to 59 St
59 St,68 St-Hunter College,965,967,Pelham Bay Park Express to 68 St-Hunter College
68 St-Hunter College,77 St,967,969,Pelham Bay Park Express to 77 St
77 St,86 St,969,971,Pelham Bay Park Express to 86 St
86 St,96 St,972,974,Pelham Bay Park Express to 96 St
96 St,103 St,974,975,Pelham Bay Park Express to 103 St
103 St,110 St,975,977,Pelham Bay Park Express to 110 St
110 St,116 St,977,978,Pelham Bay Park Express to 116 St
116 St,125 St,978,980,Pelham Bay Park Express to 125 St
125 St,3 Av-138 St,980,983,Pelham Bay Park Express to 3 Av-138 St
3 Av-138 St,Hunts Point Av,983,989,Pelham Bay Park Express to Hunts Point Av
Hunts Point Av,Parkchester,990,996,Pelham Bay Park Express to Parkchester
Parkchester,Castle Hill Av,998,1000,Pelham Bay Park Express to Castle Hill Av
Castle Hill Av,Zerega Av,1000,1001,Pelham Bay Park Express to Zerega Av
Zerega Av,Westchester Sq-E Tremont Av,1001,1002,Pelham Bay Park Express to Westchester Sq-E Tremont Av
Westchester Sq-E Tremont Av,Middletown Rd,1002,1003,Pelham Bay Park Express to Middletown Rd
Middletown Rd,Buhre Av,1003,1005,Pelham Bay Park Express to Buhre Av
Buhre Av,Pelham Bay Park,1005,1007,Pelham Bay Park Express to Pelham Bay Park
Brooklyn Bridge-City Hall,Canal St,956,958,Pelham Bay Park Express to Canal St
Canal St,Spring St,958,959,Pelham Bay Park Express to Spring St
Spring St,Bleecker St,959,960,Pelham Bay Park Express to Bleecker St
Bleecker St,Astor Pl,960,962,Pelham Bay Park Express to Astor Pl
Astor Pl,14 St-Union Sq,962,963,Pelham Bay Park Express to 14 St-Union Sq
14 St-Union Sq,23 St,963,965,Pelham Bay Park Express to 23 St
23 St,28 St,965,966,Pelham Bay Park Express to 28 St
28 St,33 St,966,967,Pelham Bay Park Express to 33 St
33 St,Grand Central-42 St,967,969,Pelham Bay Park Express to Grand Central-42 St
Grand Central-42 St,51 St,969,971,Pelham Bay Park Express to 51 St
51 St,59 St,971,973,Pelham Bay Park Express to 59 St
59 St,68 St-Hunter College,973,975,Pelham Bay Park Express to 68 St-Hunter College
68 St-Hunter College,77 St,975,976,Pelham Bay Park Express to 77 St
77 St,86 St,976,978,Pelham Bay Park Express to 86 St
86 St,96 St,979,981,Pelham Bay Park Express to 96 St
96 St,103 St,981,983,Pelham Bay Park Express to 103 St
103 St,110 St,983,984,Pelham Bay Park Express to 110 St
110 St,116 St,984,985,Pelham Bay Park Express to 116 St
116 St,125 St,985,987,Pelham Bay Park Express to 125 St
125 St,3 Av-138 St,987,990,Pelham Bay Park Express to 3 Av-138 St
3 Av-138 St,Hunts Point Av,990,997,Pelham Bay Park Express to Hunts Point Av
Hunts Point Av,Parkchester,998,1003,Pelham Bay Park Express to Parkchester
Parkchester,Castle Hill Av,1003,1005,Pelham Bay Park Express to Castle Hill Av
Castle Hill Av,Zerega Av,1005,1006,Pelham Bay Park Express to Zerega Av
Zerega Av,Westchester Sq-E Tremont Av,1006,1007,Pelham Bay Park Express to Westchester Sq-E Tremont Av
Westchester Sq-E Tremont Av,Middletown Rd,1007,1009,Pelham Bay Park Express to Middletown Rd
Middletown Rd,Buhre Av,1009,1010,Pelham Bay Park Express to Buhre Av
Buhre Av,Pelham Bay Park,1010,1013,Pelham Bay Park Express to Pelham Bay Park
Brooklyn Bridge-City Hall,Canal St,964,966,Pelham Bay Park Express to Canal St
Canal St,Spring St,966,967,Pelham Bay Park Express to Spring St
Spring St,Bleecker St,967,968,Pelham Bay Park Express to Bleecker St
Bleecker St,Astor Pl,968,970,Pelham Bay Park Express to Astor Pl
Astor Pl,14 St-Union Sq,970,971,Pelham Bay Park Express to 14 St-Union Sq
14 St-Union Sq,23 St,971,973,Pelham Bay Park Express to 23 St
23 St,28 St,973,974,Pelham Bay Park Express to 28 St
28 St,33 St,974,975,Pelham Bay Park Express to 33 St
33 St,Grand Central-42 St,975,977,Pelham Bay Park Express to Grand Central-42 St
Grand Central-42 St,51 St,977,979,Pelham Bay Park Express to 51 St
51 St,59 St,979,981,Pelham Bay Park Express to 59 St
59 St,68 St-Hunter College,981,983,Pelham Bay Park Express to 68 St-Hunter College
68 St-Hunter College,77 St,983,984,Pelham Bay Park Express to 77 St
77 St,86 St,984,986,Pelham Bay Park Express to 86 St
86 St,96 St,987,989,Pelham Bay Park Express to 96 St
96 St,103 St,989,991,Pelham Bay Park Express to 103 St
103 St,110 St,991,992,Pelham Bay Park Express to 110 St
110 St,116 St,992,993,Pelham Bay Park Express to 116 St
116 St,125 St,993,995,Pelham Bay Park Express to 125 St
125 St,3 Av-138 St,995,998,Pelham Bay Park Express to 3 Av-138 St
3 Av-138 St,Hunts Point Av,998,1005,Pelham Bay Park Express to Hunts Point Av
Hunts Point Av,Parkchester,1006,1011,Pelham Bay Park Express to Parkchester
Parkchester,Castle Hill Av,1011,1013,Pelham Bay Park Express to Castle Hill Av
Castle Hill Av,Zerega Av,1013,1014,Pelham Bay Park Express to Zerega Av
Zerega Av,Westchester Sq-E Tremont Av,1014,1015,Pelham Bay Park Express to Westchester Sq-E Tremont Av
Westchester Sq-E Tremont Av,Middletown Rd,1015,1017,Pelham Bay Park Express to Middletown Rd
Middletown Rd,Buhre Av,1017,1018,Pelham Bay Park Express to Buhre Av
Buhre Av,Pelham Bay Park,1018,1021,Pelham Bay Park Express to Pelham Bay Park
Brooklyn Bridge-City Hall,Canal St,972,974,Pelham Bay Park Express to Canal St
Canal St,Spring St,974,975,Pelham Bay Park Express to Spring St
Spring St,Bleecker St,975,976,Pelham Bay Park Express to Bleecker St
Bleecker St,Astor Pl,976,978,Pelham Bay Park Express to Astor Pl
Astor Pl,14 St-Union Sq,978,979,Pelham Bay Park Express to 14 St-Union Sq
14 St-Union Sq,23 St,979,981,Pelham Bay Park Express to 23 St
23 St,28 St,981,982,Pelham Bay Park Express to 28 St
28 St,33 St,982,983,Pelham Bay Park Express to 33 St
33 St,Grand Central-42 St,983,985,Pelham Bay Park Express to Grand Central-42 St
Grand Central-42 St,51 St,985,987,Pelham Bay Park Express to 51 St
51 St,59 St,987,989,Pelham Bay Park Express to 59 St
59 St,68 St-Hunter College,989,991,Pelham Bay Park Express to 68 St-Hunter College
68 St-Hunter College,77 St,991,992,Pelham Bay Park Express to 77 St
77 St,86 St,992,994,Pelham Bay Park Express to 86 St
86 St,96 St,995,997,Pelham Bay Park Express to 96 St
96 St,103 St,997,999,Pelham Bay Park Express to 103 St
103 St,110 St,999,1000,Pelham Bay Park Express to 110 St
110 St,116 St,1000,1001,Pelham Bay Park Express to 116 St
116 St,125 St,1001,1003,Pelham Bay Park Express to 125 St
125 St,3 Av-138 St,1003,1006,Pelham Bay Park Express to 3 Av-138 St
3 Av-138 St,Hunts Point Av,1006,1013,Pelham Bay Park Express to Hunts Point Av
Hunts Point Av,Parkchester,1014,1019,Pelham Bay Park Express to Parkchester
Parkchester,Castle Hill Av,1019,1021,Pelham Bay Park Express to Castle Hill Av
Castle Hill Av,Zerega Av,1021,1022,Pelham Bay Park Express to Zerega Av
Zerega Av,Westchester Sq-E Tremont Av,1022,1023,Pelham Bay Park Express to Westchester Sq-E Tremont Av
Westchester Sq-E Tremont Av,Middletown Rd,1023,1025,Pelham Bay Park Express to Middletown Rd
Middletown Rd,Buhre Av,1025,1026,Pelham Bay Park Express to Buhre Av
Buhre Av,Pelham Bay Park,1026,1029,Pelham Bay Park Express to Pelham Bay Park
Brooklyn Bridge-City Hall,Canal St,980,982,Pelham Bay Park Express to Canal St
Canal St,Spring St,982,983,Pelham Bay Park Express to Spring St
Spring St,Bleecker St,983,984,Pelham Bay Park Express to Bleecker St
Bleecker St,Astor Pl,984,986,Pelham Bay Park Express to Astor Pl
Astor Pl,14 St-Union Sq,986,987,Pelham Bay Park Express to 14 St-Union Sq
14 St-Union Sq,23 St,987,989,Pelham Bay Park Express to 23 St
23 St,28 St,989,990,Pelham Bay Park Express to 28 St
28 St,33 St,990,991,Pelham Bay Park Express to 33 St
33 St,Grand Central-42 St,991,993,Pelham Bay Park Express to Grand Central-42 St
Grand Central-42 St,51 St,993,995,Pelham Bay Park Express to 51 St
51 St,59 St,995,997,Pelham Bay Park Express to 59 St
59 St,68 St-Hunter College,997,999,Pelham Bay Park Express to 68 St-Hunter College
68 St-Hunter College,77 St,999,1000,Pelham Bay Park Express to 77 St
77 St,86 St,1000,1002,Pelham Bay Park Express to 86 St
86 St,96 St,1003,1005,Pelham Bay Park Express to 96 St
96 St,103 St,1005,1007,Pelham Bay Park Express to 103 St
103 St,110 St,1007,1008,Pelham Bay Park Express to 110 St
110 St,116 St,1008,1009,Pelham Bay Park Express to 116 St
116 St,125 St,1009,1011,Pelham Bay Park Express to 125 St
125 St,3 Av-138 St,1011,1014,Pelham Bay Park Express to 3 Av-138 St
3 Av-138 St,Hunts Point Av,1014,1021,Pelham Bay Park Express to Hunts Point Av
Hunts Point Av,Parkchester,1022,1027,Pelham Bay Park Express to Parkchester
Parkchester,Castle Hill Av,1027,1029,Pelham Bay Park Express to Castle Hill Av
Castle Hill Av,Zerega Av,1029,1030,Pelham Bay Park Express to Zerega Av
Zerega Av,Westchester Sq-E Tremont Av,1030,1031,Pelham Bay Park Express to Westchester Sq-E Tremont Av
Westchester Sq-E Tremont Av,Middletown Rd,1031,1033,Pelham Bay Park Express to Middletown Rd
Middletown Rd,Buhre Av,1033,1034,Pelham Bay Park Express to Buhre Av
Buhre Av,Pelham Bay Park,1034,1037,Pelham Bay Park Express to Pelham Bay Park
Brooklyn Bridge-City Hall,Canal St,988,990,Pelham Bay Park Express to Canal St
Canal St,Spring St,990,991,Pelham Bay Park Express to Spring St
Spring St,Bleecker St,991,992,Pelham Bay Park Express to Bleecker St
Bleecker St,Astor Pl,992,994,Pelham Bay Park Express to Astor Pl
Astor Pl,14 St-Union Sq,994,995,Pelham Bay Park Express to 14 St-Union Sq
14 St-Union Sq,23 St,995,997,Pelham Bay Park Express to 23 St
23 St,28 St,997,998,Pelham Bay Park Express to 28 St
28 St,33 St,998,999,Pelham Bay Park Express to 33 St
33 St,Grand Central-42 St,999,1001,Pelham Bay Park Express to Grand Central-42 St
Grand Central-42 St,51 St,1001,1003,Pelham Bay Park Express to 51 St
51 St,59 St,1003,1005,Pelham Bay Park Express to 59 St
59 St,68 St-Hunter College,1005,1007,Pelham Bay Park Express to 68 St-Hunter College
68 St-Hunter College,77 St,1007,1008,Pelham Bay Park Express to 77 St
77 St,86 St,1008,1010,Pelham Bay Park Express to 86 St
86 St,96 St,1011,1013,Pelham Bay Park Express to 96 St
96 St,103 St,1013,1015,Pelham Bay Park Express to 103 St
103 St,110 St,1015,1016,Pelham Bay Park Express to 110 St
110 St,116 St,1016,1017,Pelham Bay Park Express to 116 St
116 St,125 St,1017,1019,Pelham Bay Park Express to 125 St
125 St,3 Av-138 St,1019,1022,Pelham Bay Park Express to 3 Av-138 St
3 Av-138 St,Hunts Point Av,1022,1029,Pelham Bay Park Express to Hunts Point Av
Hunts Point Av,Parkchester,1030,1035,Pelham Bay Park Express to Parkchester
Parkchester,Castle Hill Av,1035,1037,Pelham Bay Park Express to Castle Hill Av
Castle Hill Av,Zerega Av,1037,1038,Pelham Bay Park Express to Zerega Av
Zerega Av,Westchester Sq-E Tremont Av,1038,1039,Pelham Bay Park Express to Westchester Sq-E Tremont Av
Westchester Sq-E Tremont Av,Middletown Rd,1039,1041,Pelham Bay Park Express to Middletown Rd
Middletown Rd,Buhre Av,1041,1042,Pelham Bay Park Express to Buhre Av
Buhre Av,Pelham Bay Park,1042,1045,Pelham Bay Park Express to Pelham Bay Park
Brooklyn Bridge-City Hall,Canal St,996,998,Pelham Bay Park Express to Canal St
Canal St,Spring St,998,999,Pelham Bay Park Express to Spring St
Spring St,Bleecker St,999,1000,Pelham Bay Park Express to Bleecker St
Bleecker St,Astor Pl,1000,1002,Pelham Bay Park Express to Astor Pl
Astor Pl,14 St-Union Sq,1002,1003,Pelham Bay Park Express to 14 St-Union Sq
14 St-Union Sq,23 St,1003,1005,Pelham Bay Park Express to 23 St
23 St,28 St,1005,1006,Pelham Bay Park Express to 28 St
28 St,33 St,1006,1007,Pelham Bay Park Express to 33 St
33 St,Grand Central-42 St,1007,1009,Pelham Bay Park Express to Grand Central-42 St
Grand Central-42 St,51 St,1009,1011,Pelham Bay Park Express to 51 St
51 St,59 St,1011,1013,Pelham Bay Park Express to 59 St
59 St,68 St-Hunter College,1013,1015,Pelham Bay Park Express to 68 St-Hunter College
68 St-Hunter College,77 St,1015,1016,Pelham Bay Park Express to 77 St
77 St,86 St,1016,1018,Pelham Bay Park Express to 86 St
86 St,96 St,1019,1021,Pelham Bay Park Express to 96 St
96 St,103 St,1021,1023,Pelham Bay Park Express to 103 St
103 St,110 St,1023,1024,Pelham Bay Park Express to 110 St
110 St,116 St,1024,1025,Pelham Bay Park Express to 116 St
116 St,125 St,1025,1027,Pelham Bay Park Express to 125 St
125 St,3 Av-138 St,1027,1030,Pelham Bay Park Express to 3 Av-138 St
3 Av-138 St,Hunts Point Av,1030,1037,Pelham Bay Park Express to Hunts Point Av
Hunts Point Av,Parkchester,1038,1043,Pelham Bay Park Express to Parkchester
Parkchester,Castle Hill Av,1043,1045,Pelham Bay Park Express to Castle Hill Av
Castle Hill Av,Zerega Av,1045,1046,Pelham Bay Park Express to Zerega Av
Zerega Av,Westchester Sq-E Tremont Av,1046,1047,Pelham Bay Park Express to Westchester Sq-E Tremont Av
Westchester Sq-E Tremont Av,Middletown Rd,1047,1049,Pelham Bay Park Express to Middletown Rd
Middletown Rd,Buhre Av,1049,1050,Pelham Bay Park Express to Buhre Av
Buhre Av,Pelham Bay Park,1050,1053,Pelham Bay Park Express to Pelham Bay Park
Brooklyn Bridge-City Hall,Canal St,1003,1005,Pelham Bay Park Express to Canal St
Canal St,Spring St,1005,1006,Pelham Bay Park Express to Spring St
Spring St,Bleecker St,1006,1007,Pelham Bay Park Express to Bleecker St
Bleecker St,Astor Pl,1007,1009,Pelham Bay Park Express to Astor Pl
Astor Pl,14 St-Union Sq,1009,1010,Pelham Bay Park Express to 14 St-Union Sq
14 St-Union Sq,23 St,1010,1012,Pelham Bay Park Express to 23 St
23 St,28 St,1012,1013,Pelham Bay Park Express to 28 St
28 St,33 St,1013,1014,Pelham Bay Park Express to 33 St
33 St,Grand Central-42 St,1014,1016,Pelham Bay Park Express to Grand Central-42 St
Grand Central-42 St,51 St,1016,1018,Pelham Bay Park Express to 51 St
51 St,59 St,1018,1020,Pelham Bay Park Express to 59 St
59 St,68 St-Hunter College,1020,1022,Pelham Bay Park Express to 68 St-Hunter College
68 St-Hunter College,77 St,1022,1023,Pelham Bay Park Express to 77 St
77 St,86 St,1023,1025,Pelham Bay Park Express to 86 St
86 St,96 St,1026,1028,Pelham Bay Park Express to 96 St
96 St,103 St,1028,1030,Pelham Bay Park Express to 103 St
103 St,110 St,1030,1031,Pelham Bay Park Express to 110 St
110 St,116 St,1031,1032,Pelham Bay Park Express to 116 St
116 St,125 St,1032,1034,Pelham Bay Park Express to 125 St
125 St,3 Av-138 St,1034,1037,Pelham Bay Park Express to 3 Av-138 St
3 Av-138 St,Hunts Point Av,1037,1044,Pelham Bay Park Express to Hunts Point Av
Hunts Point Av,Parkchester,1045,1050,Pelham Bay Park Express to Parkchester
Parkchester,Castle Hill Av,1050,1052,Pelham Bay Park Express to Castle Hill Av
Castle Hill Av,Zerega Av,1052,1053,Pelham Bay Park Express to Zerega Av
Zerega Av,Westchester Sq-E Tremont Av,1053,1054,Pelham Bay Park Express to Westchester Sq-E Tremont Av
Westchester Sq-E Tremont Av,Middletown Rd,1054,1056,Pelham Bay Park Express to Middletown Rd
Middletown Rd,Buhre Av,1056,1057,Pelham Bay Park Express to Buhre Av
Buhre Av,Pelham Bay Park,1057,1060,Pelham Bay Park Express to Pelham Bay Park
Brooklyn Bridge-City Hall,Canal St,1009,1011,Pelham Bay Park Express to Canal St
Canal St,Spring St,1011,1013,Pelham Bay Park Express to Spring St
Spring St,Bleecker St,1013,1014,Pelham Bay Park Express to Bleecker St
Bleecker St,Astor Pl,1014,1015,Pelham Bay Park Express to Astor Pl
Astor Pl,14 St-Union Sq,1015,1017,Pelham Bay Park Express to 14 St-Union Sq
14 St-Union Sq,23 St,1017,1019,Pelham Bay Park Express to 23 St
23 St,28 St,1019,1020,Pelham Bay Park Express to 28 St
28 St,33 St,1020,1021,Pelham Bay Park Express to 33 St
33 St,Grand Central-42 St,1021,1023,Pelham Bay Park Express to Grand Central-42 St
Grand Central-42 St,51 St,1023,1025,Pelham Bay Park Express to 51 St
51 St,59 St,1025,1027,Pelham Bay Park Express to 59 St
59 St,68 St-Hunter College,1027,1029,Pelham Bay Park Express to 68 St-Hunter College
68 St-Hunter College,77 St,1029,1030,Pelham Bay Park Express to 77 St
77 St,86 St,1030,1032,Pelham Bay Park Express to 86 St
86 St,96 St,1033,1035,Pelham Bay Park Express to 96 St
96 St,103 St,1035,1037,Pelham Bay Park Express to 103 St
103 St,110 St,1037,1038,Pelham Bay Park Express to 110 St
110 St,116 St,1038,1039,Pelham Bay Park Express to 116 St
116 St,125 St,1039,1041,Pelham Bay Park Express to 125 St
125 St,3 Av-138 St,1041,1044,Pelham Bay Park Express to 3 Av-138 St
3 Av-138 St,Hunts Point Av,1044,1051,Pelham Bay Park Express to Hunts Point Av
Hunts Point Av,Parkchester,1052,1058,Pelham Bay Park Express to Parkchester
Parkchester,Castle Hill Av,1058,1060,Pelham Bay Park Express to Castle Hill Av
Castle Hill Av,Zerega Av,1060,1061,Pelham Bay Park Express to Zerega Av
Zerega Av,Westchester Sq-E Tremont Av,1061,1062,Pelham Bay Park Express to Westchester Sq-E Tremont Av
Westchester Sq-E Tremont Av,Middletown Rd,1062,1063,Pelham Bay Park Express to Middletown Rd
Middletown Rd,Buhre Av,1063,1065,Pelham Bay Park Express to Buhre Av
Buhre Av,Pelham Bay Park,1065,1067,Pelham Bay Park Express to Pelham Bay Park
Brooklyn Bridge-City Hall,Canal St,1015,1017,Pelham Bay Park Express to Canal St
Canal St,Spring St,1017,1019,Pelham Bay Park Express to Spring St
Spring St,Bleecker St,1019,1020,Pelham Bay Park Express to Bleecker St
Bleecker St,Astor Pl,1020,1021,Pelham Bay Park Express to Astor Pl
Astor Pl,14 St-Union Sq,1021,1023,Pelham Bay Park Express to 14 St-Union Sq
14 St-Union Sq,23 St,1023,1025,Pelham Bay Park Express to 23 St
23 St,28 St,1025,1026,Pelham Bay Park Express to 28 St
28 St,33 St,1026,1027,Pelham Bay Park Express to 33 St
33 St,Grand Central-42 St,1027,1029,Pelham Bay Park Express to Grand Central-42 St
Grand Central-42 St,51 St,1029,1031,Pelham Bay Park Express to 51 St
51 St,59 St,1031,1033,Pelham Bay Park Express to 59 St
59 St,68 St-Hunter College,1033,1035,Pelham Bay Park Express to 68 St-Hunter College
68 St-Hunter College,77 St,1035,1036,Pelham Bay Park Express to 77 St
77 St,86 St,1036,1038,Pelham Bay Park Express to 86 St
86 St,96 St,1039,1041,Pelham Bay Park Express to 96 St
96 St,103 St,1041,1043,Pelham Bay Park Express to 103 St
103 St,110 St,1043,1044,Pelham Bay Park Express to 110 St
110 St,116 St,1044,1045,Pelham Bay Park Express to 116 St
116 St,125 St,1045,1047,Pelham Bay Park Express to 125 St
125 St,3 Av-138 St,1047,1051,Pelham Bay Park Express to 3 Av-138 St
3 Av-138 St,Hunts Point Av,1051,1058,Pelham Bay Park Express to Hunts Point Av
Hunts Point Av,Parkchester,1059,1065,Pelham Bay Park Express to Parkchester
Parkchester,Castle Hill Av,1065,1067,Pelham Bay Park Express to Castle Hill Av
Castle Hill Av,Zerega Av,1067,1068,Pelham Bay Park Express to Zerega Av
Zerega Av,Westchester Sq-E Tremont Av,1068,1069,Pelham Bay Park Express to Westchester Sq-E Tremont Av
Westchester Sq-E Tremont Av,Middletown Rd,1069,1070,Pelham Bay Park Express to Middletown Rd
Middletown Rd,Buhre Av,1070,1072,Pelham Bay Park Express to Buhre Av
Buhre Av,Pelham Bay Park,1072,1074,Pelham Bay Park Express to Pelham Bay Park
Brooklyn Bridge-City Hall,Canal St,1021,1023,Pelham Bay Park Express to Canal St
Canal St,Spring St,1023,1025,Pelham Bay Park Express to Spring St
Spring St,Bleecker St,1025,1026,Pelham Bay Park Express to Bleecker St
Bleecker St,Astor Pl,1026,1027,Pelham Bay Park Express to Astor Pl
Astor Pl,14 St-Union Sq,1027,1029,Pelham Bay Park Express to 14 St-Union Sq
14 St-Union Sq,23 St,1029,1031,Pelham Bay Park Express to 23 St
23 St,28 St,1031,1032,Pelham Bay Park Express to 28 St
28 St,33 St,1032,1033,Pelham Bay Park Express to 33 St
33 St,Grand Central-42 St,1033,1035,Pelham Bay Park Express to Grand Central-42 St
Grand Central-42 St,51 St,1035,1037,Pelham Bay Park Express to 51 St
51 St,59 St,1037,1039,Pelham Bay Park Express to 59 St
59 St,68 St-Hunter College,1039,1041,Pelham Bay Park Express to 68 St-Hunter College
68 St-Hunter College,77 St,1041,1042,Pelham Bay Park Express to 77 St
77 St,86 St,1042,1044,Pelham Bay Park Express to 86 St
86 St,96 St,1045,1047,Pelham Bay Park Express to 96 St
96 St,103 St,1047,1049,Pelham Bay Park Express to 103 St
103 St,110 St,1049,1050,Pelham Bay Park Express to 110 St
110 St,116 St,1050,1051,Pelham Bay Park Express to 116 St
116 St,125 St,1051,1053,Pelham Bay Park Express to 125 St
125 St,3 Av-138 St,1053,1057,Pelham Bay Park Express to 3 Av-138 St
3 Av-138 St,Hunts Point Av,1057,1064,Pelham Bay Park Express to Hunts Point Av
Hunts Point Av,Parkchester,1064,1070,Pelham Bay Park Express to Parkchester
Parkchester,Castle Hill Av,1070,1072,Pelham Bay Park Express to Castle Hill Av
Castle Hill Av,Zerega Av,1072,1073,Pelham Bay Park Express to Zerega Av
Zerega Av,Westchester Sq-E Tremont Av,1073,1074,Pelham Bay Park Express to Westchester Sq-E Tremont Av
Westchester Sq-E Tremont Av,Middletown Rd,1074,1075,Pelham Bay Park Express to Middletown Rd
Middletown Rd,Buhre Av,1075,1077,Pelham Bay Park Express to Buhre Av
Buhre Av,Pelham Bay Park,1077,1079,Pelham Bay Park Express to Pelham Bay Park
Brooklyn Bridge-City Hall,Canal St,1024,1026,Pelham Bay Park Express to Canal St
Canal St,Spring St,1026,1028,Pelham Bay Park Express to Spring St
Spring St,Bleecker St,1028,1029,Pelham Bay Park Express to Bleecker St
Bleecker St,Astor Pl,1029,1030,Pelham Bay Park Express to Astor Pl
Astor Pl,14 St-Union Sq,1030,1032,Pelham Bay Park Express to 14 St-Union Sq
14 St-Union Sq,23 St,1032,1034,Pelham Bay Park Express to 23 St
23 St,28 St,1034,1035,Pelham Bay Park Express to 28 St
28 St,33 St,1035,1036,Pelham Bay Park Express to 33 St
33 St,Grand Central-42 St,1036,1038,Pelham Bay Park Express to Grand Central-42 St
Grand Central-42 St,51 St,1038,1040,Pelham Bay Park Express to 51 St
51 St,59 St,1040,1042,Pelham Bay Park Express to 59 St
59 St,68 St-Hunter College,1042,1044,Pelham Bay Park Express to 68 St-Hunter College
68 St-Hunter College,77 St,1044,1045,Pelham Bay Park Express to 77 St
77 St,86 St,1045,1047,Pelham Bay Park Express to 86 St
86 St,96 St,1048,1050,Pelham Bay Park Express to 96 St
96 St,103 St,1050,1052,Pelham Bay Park Express to 103 St
103 St,110 St,1052,1053,Pelham Bay Park Express to 110 St
110 St,116 St,1053,1054,Pelham Bay Park Express to 116 St
116 St,125 St,1054,1056,Pelham Bay Park Express to 125 St
125 St,3 Av-138 St,1056,1060,Pelham Bay Park Express to 3 Av-138 St
3 Av-138 St,Hunts Point Av,1060,1067,Pelham Bay Park Express to Hunts Point Av
Hunts Point Av,Parkchester,1067,1073,Pelham Bay Park Express to Parkchester
Parkchester,Castle Hill Av,1074,1076,Pelham Bay Park Express to Castle Hill Av
Castle Hill Av,Zerega Av,1076,1077,Pelham Bay Park Express to Zerega Av
Zerega Av,Westchester Sq-E Tremont Av,1077,1078,Pelham Bay Park Express to Westchester Sq-E Tremont Av
Westchester Sq-E Tremont Av,Middletown Rd,1078,1079,Pelham Bay Park Express to Middletown Rd
Middletown Rd,Buhre Av,1079,1081,Pelham Bay Park Express to Buhre Av
Buhre Av,Pelham Bay Park,1081,1083,Pelham Bay Park Express to Pelham Bay Park
Brooklyn Bridge-City Hall,Canal St,1030,1032,Pelham Bay Park Express to Canal St
Canal St,Spring St,1032,1034,Pelham Bay Park Express to Spring St
Spring St,Bleecker St,1034,1035,Pelham Bay Park Express to Bleecker St
Bleecker St,Astor Pl,1035,1037,Pelham Bay Park Express to Astor Pl
Astor Pl,14 St-Union Sq,1037,1038,Pelham Bay Park Express to 14 St-Union Sq
14 St-Union Sq,23 St,1038,1040,Pelham Bay Park Express to 23 St
23 St,28 St,1040,1041,Pelham Bay Park Express to 28 St
28 St,33 St,1041,1042,Pelham Bay Park Express to 33 St
33 St,Grand Central-42 St,1042,1044,Pelham Bay Park Express to Grand Central-42 St
Grand Central-42 St,51 St,1044,1046,Pelham Bay Park Express to 51 St
51 St,59 St,1046,1048,Pelham Bay Park Express to 59 St
59 St,68 St-Hunter College,1048,1050,Pelham Bay Park Express to 68 St-Hunter College
68 St-Hunter College,77 St,1050,1051,Pelham Bay Park Express to 77 St
77 St,86 St,1051,1053,Pelham Bay Park Express to 86 St
86 St,96 St,1054,1056,Pelham Bay Park Express to 96 St
96 St,103 St,1056,1058,Pelham Bay Park Express to 103 St
103 St,110 St,1058,1059,Pelham Bay Park Express to 110 St
110 St,116 St,1059,1060,Pelham Bay Park Express to 116 St
116 St,125 St,1060,1062,Pelham Bay Park Express to 125 St
125 St,3 Av-138 St,1062,1066,Pelham Bay Park Express to 3 Av-138 St
3 Av-138 St,Hunts Point Av,1066,1073,Pelham Bay Park Express to Hunts Point Av
Hunts Point Av,Parkchester,1073,1079,Pelham Bay Park Express to Parkchester
Parkchester,Castle Hill Av,1081,1083,Pelham Bay Park Express to Castle Hill Av
Castle Hill Av,Zerega Av,1083,1084,Pelham Bay Park Express to Zerega Av
Zerega Av,Westchester Sq-E Tremont Av,1084,1085,Pelham Bay Park Express to Westchester Sq-E Tremont Av
Westchester Sq-E Tremont Av,Middletown Rd,1085,1086,Pelham Bay Park Express to Middletown Rd
Middletown Rd,Buhre Av,1086,1088,Pelham Bay Park Express to Buhre Av
Buhre Av,Pelham Bay Park,1088,1090,Pelham Bay Park Express to Pelham Bay Park
Brooklyn Bridge-City Hall,Canal St,1033,1035,Pelham Bay Park Express to Canal St
Canal St,Spring St,1035,1037,Pelham Bay Park Express to Spring St
Spring St,Bleecker St,1037,1038,Pelham Bay Park Express to Bleecker St
Bleecker St,Astor Pl,1038,1040,Pelham Bay Park Express to Astor Pl
Astor Pl,14 St-Union Sq,1040,1041,Pelham Bay Park Express to 14 St-Union Sq
14 St-Union Sq,23 St,1041,1043,Pelham Bay Park Express to 23 St
23 St,28 St,1043,1044,Pelham Bay Park Express to 28 St
28 St,33 St,1044,1045,Pelham Bay Park Express to 33 St
33 St,Grand Central-42 St,1045,1047,Pelham Bay Park Express to Grand Central-42 St
Grand Central-42 St,51 St,1047,1049,Pelham Bay Park Express to 51 St
51 St,59 St,1049,1051,Pelham Bay Park Express to 59 St
59 St,68 St-Hunter College,1051,1053,Pelham Bay Park Express to 68 St-Hunter College
68 St-Hunter College,77 St,1053,1054,Pelham Bay Park Express to 77 St
77 St,86 St,1054,1056,Pelham Bay Park Express to 86 St
86 St,96 St,1057,1059,Pelham Bay Park Express to 96 St
96 St,103 St,1059,1061,Pelham Bay Park Express to 103 St
103 St,110 St,1061,1062,Pelham Bay Park Express to 110 St
110 St,116 St,1062,1063,Pelham Bay Park Express to 116 St
116 St,125 St,1063,1065,Pelham Bay Park Express to 125 St
125 St,3 Av-138 St,1065,1069,Pelham Bay Park Express to 3 Av-138 St
3 Av-138 St,Hunts Point Av,1069,1076,Pelham Bay Park Express to Hunts Point Av
Hunts Point Av,Parkchester,1077,1083,Pelham Bay Park Express to Parkchester
Parkchester,Castle Hill Av,1085,1087,Pelham Bay Park Express to Castle Hill Av
Castle Hill Av,Zerega Av,1087,1088,Pelham Bay Park Express to Zerega Av
Zerega Av,Westchester Sq-E Tremont Av,1088,1089,Pelham Bay Park Express to Westchester Sq-E Tremont Av
Westchester Sq-E Tremont Av,Middletown Rd,1089,1090,Pelham Bay Park Express to Middletown Rd
Middletown Rd,Buhre Av,1090,1092,Pelham Bay Park Express to Buhre Av
Buhre Av,Pelham Bay Park,1092,1094,Pelham Bay Park Express to Pelham Bay Park
Brooklyn Bridge-City Hall,Canal St,1039,1041,Pelham Bay Park Express to Canal St
Canal St,Spring St,1041,1043,Pelham Bay Park Express to Spring St
Spring St,Bleecker St,1043,1044,Pelham Bay Park Express to Bleecker St
Bleecker St,Astor Pl,1044,1046,Pelham Bay Park Express to Astor Pl
Astor Pl,14 St-Union Sq,1046,1047,Pelham Bay Park Express to 14 St-Union Sq
14 St-Union Sq,23 St,1047,1049,Pelham Bay Park Express to 23 St
23 St,28 St,1049,1050,Pelham Bay Park Express to 28 St
28 St,33 St,1050,1051,Pelham Bay Park Express to 33 St
33 St,Grand Central-42 St,1051,1053,Pelham Bay Park Express to Grand Central-42 St
Grand Central-42 St,51 St,1053,1055,Pelham Bay Park Express to 51 St
51 St,59 St,1055,1057,Pelham Bay Park Express to 59 St
59 St,68 St-Hunter College,1057,1059,Pelham Bay Park Express to 68 St-Hunter College
68 St-Hunter College,77 St,1059,1060,Pelham Bay Park Express to 77 St
77 St,86 St,1060,1062,Pelham Bay Park Express to 86 St
86 St,96 St,1063,1065,Pelham Bay Park Express to 96 St
96 St,103 St,1065,1067,Pelham Bay Park Express to 103 St
103 St,110 St,1067,1068,Pelham Bay Park Express to 110 St
110 St,116 St,1068,1069,Pelham Bay Park Express to 116 St
116 St,125 St,1069,1071,Pelham Bay Park Express to 125 St
125 St,3 Av-138 St,1071,1075,Pelham Bay Park Express to 3 Av-138 St
3 Av-138 St,Hunts Point Av,1075,1082,Pelham Bay Park Express to Hunts Point Av
Hunts Point Av,Parkchester,1082,1088,Pelham Bay Park Express to Parkchester
Parkchester,Castle Hill Av,1090,1092,Pelham Bay Park Express to Castle Hill Av
Castle Hill Av,Zerega Av,1092,1093,Pelham Bay Park Express to Zerega Av
Zerega Av,Westchester Sq-E Tremont Av,1093,1094,Pelham Bay Park Express to Westchester Sq-E Tremont Av
Westchester Sq-E Tremont Av,Middletown Rd,1094,1095,Pelham Bay Park Express to Middletown Rd
Middletown Rd,Buhre Av,1095,1097,Pelham Bay Park Express to Buhre Av
Buhre Av,Pelham Bay Park,1097,1099,Pelham Bay Park Express to Pelham Bay Park
Brooklyn Bridge-City Hall,Canal St,1045,1047,Pelham Bay Park Express to Canal St
Canal St,Spring St,1047,1049,Pelham Bay Park Express to Spring St
Spring St,Bleecker St,1049,1050,Pelham Bay Park Express to Bleecker St
Bleecker St,Astor Pl,1050,1052,Pelham Bay Park Express to Astor Pl
Astor Pl,14 St-Union Sq,1052,1053,Pelham Bay Park Express to 14 St-Union Sq
14 St-Union Sq,23 St,1053,1055,Pelham Bay Park Express to 23 St
23 St,28 St,1055,1056,Pelham Bay Park Express to 28 St
28 St,33 St,1056,1057,Pelham Bay Park Express to 33 St
33 St,Grand Central-42 St,1057,1059,Pelham Bay Park Express to Grand Central-42 St
Grand Central-42 St,51 St,1059,1061,Pelham Bay Park Express to 51 St
51 St,59 St,1061,1063,Pelham Bay Park Express to 59 St
59 St,68 St-Hunter College,1063,1065,Pelham Bay Park Express to 68 St-Hunter College
68 St-Hunter College,77 St,1065,1066,Pelham Bay Park Express to 77 St
77 St,86 St,1066,1068,Pelham Bay Park Express to 86 St
86 St,96 St,1069,1071,Pelham Bay Park Express to 96 St
96 St,103 St,1071,1073,Pelham Bay Park Express to 103 St
103 St,110 St,1073,1074,Pelham Bay Park Express to 110 St
110 St,116 St,1074,1075,Pelham Bay Park Express to 116 St
116 St,125 St,1075,1077,Pelham Bay Park Express to 125 St
125 St,3 Av-138 St,1077,1081,Pelham Bay Park Express to 3 Av-138 St
3 Av-138 St,Hunts Point Av,1081,1088,Pelham Bay Park Express to Hunts Point Av
Hunts Point Av,Parkchester,1089,1095,Pelham Bay Park Express to Parkchester
Parkchester,Castle Hill Av,1095,1097,Pelham Bay Park Express to Castle Hill Av
Castle Hill Av,Zerega Av,1097,1098,Pelham Bay Park Express to Zerega Av
Zerega Av,Westchester Sq-E Tremont Av,1098,1099,Pelham Bay Park Express to Westchester Sq-E Tremont Av
Westchester Sq-E Tremont Av,Middletown Rd,1099,1100,Pelham Bay Park Express to Middletown Rd
Middletown Rd,Buhre Av,1100,1102,Pelham Bay Park Express to Buhre Av
Buhre Av,Pelham Bay Park,1102,1104,Pelham Bay Park Express to Pelham Bay Park
Brooklyn Bridge-City Hall,Canal St,1052,1054,Pelham Bay Park Express to Canal St
Canal St,Spring St,1054,1056,Pelham Bay Park Express to Spring St
Spring St,Bleecker St,1056,1057,Pelham Bay Park Express to Bleecker St
Bleecker St,Astor Pl,1057,1059,Pelham Bay Park Express to Astor Pl
Astor Pl,14 St-Union Sq,1059,1060,Pelham Bay Park Express to 14 St-Union Sq
14 St-Union Sq,23 St,1060,1062,Pelham Bay Park Express to 23 St
23 St,28 St,1062,1063,Pelham Bay Park Express to 28 St
28 St,33 St,1063,1064,Pelham Bay Park Express to 33 St
33 St,Grand Central-42 St,1064,1066,Pelham Bay Park Express to Grand Central-42 St
Grand Central-42 St,51 St,1066,1068,Pelham Bay Park Express to 51 St
51 St,59 St,1068,1070,Pelham Bay Park Express to 59 St
59 St,68 St-Hunter College,1070,1072,Pelham Bay Park Express to 68 St-Hunter College
68 St-Hunter College,77 St,1072,1073,Pelham Bay Park Express to 77 St
77 St,86 St,1073,1075,Pelham Bay Park Express to 86 St
86 St,96 St,1076,1078,Pelham Bay Park Express to 96 St
96 St,103 St,1078,1080,Pelham Bay Park Express to 103 St
103 St,110 St,1080,1081,Pelham Bay Park Express to 110 St
110 St,116 St,1081,1082,Pelham Bay Park Express to 116 St
116 St,125 St,1082,1084,Pelham Bay Park Express to 125 St
125 St,3 Av-138 St,1084,1088,Pelham Bay Park Express to 3 Av-138 St
3 Av-138 St,Hunts Point Av,1088,1095,Pelham Bay Park Express to Hunts Point Av
Hunts Point Av,Parkchester,1095,1101,Pelham Bay Park Express to Parkchester
Parkchester,Castle Hill Av,1102,1104,Pelham Bay Park Express to Castle Hill Av
Castle Hill Av,Zerega Av,1104,1105,Pelham Bay Park Express to Zerega Av
Zerega Av,Westchester Sq-E Tremont Av,1105,1106,Pelham Bay Park Express to Westchester Sq-E Tremont Av
Westchester Sq-E Tremont Av,Middletown Rd,1106,1108,Pelham Bay Park Express to Middletown Rd
Middletown Rd,Buhre Av,1108,1109,Pelham Bay Park Express to Buhre Av
Buhre Av,Pelham Bay Park,1109,1112,Pelham Bay Park Express to Pelham Bay Park
Brooklyn Bridge-City Hall,Canal St,1056,1058,Pelham Bay Park Express to Canal St
Canal St,Spring St,1058,1059,Pelham Bay Park Express to Spring St
Spring St,Bleecker St,1059,1061,Pelham Bay Park Express to Bleecker St
Bleecker St,Astor Pl,1061,1062,Pelham Bay Park Express to Astor Pl
Astor Pl,14 St-Union Sq,1062,1064,Pelham Bay Park Express to 14 St-Union Sq
14 St-Union Sq,23 St,1064,1065,Pelham Bay Park Express to 23 St
23 St,28 St,1065,1067,Pelham Bay Park Express to 28 St
28 St,33 St,1067,1068,Pelham Bay Park Express to 33 St
33 St,Grand Central-42 St,1068,1070,Pelham Bay Park Express to Grand Central-42 St
Grand Central-42 St,51 St,1070,1072,Pelham Bay Park Express to 51 St
51 St,59 St,1072,1073,Pelham Bay Park Express to 59 St
59 St,68 St-Hunter College,1073,1075,Pelham Bay Park Express to 68 St-Hunter College
68 St-Hunter College,77 St,1075,1077,Pelham Bay Park Express to 77 St
77 St,86 St,1077,1079,Pelham Bay Park Express to 86 St
86 St,96 St,1080,1082,Pelham Bay Park Express to 96 St
96 St,103 St,1082,1083,Pelham Bay Park Express to 103 St
103 St,110 St,1083,1085,Pelham Bay Park Express to 110 St
110 St,116 St,1085,1086,Pelham Bay Park Express to 116 St
116 St,125 St,1086,1088,Pelham Bay Park Express to 125 St
125 St,3 Av-138 St,1088,1091,Pelham Bay Park Express to 3 Av-138 St
3 Av-138 St,Hunts Point Av,1091,1098,Pelham Bay Park Express to Hunts Point Av
Hunts Point Av,Parkchester,1099,1105,Pelham Bay Park Express to Parkchester
Parkchester,Castle Hill Av,1107,1109,Pelham Bay Park Express to Castle Hill Av
Castle Hill Av,Zerega Av,1109,1110,Pelham Bay Park Express to Zerega Av
Zerega Av,Westchester Sq-E Tremont Av,1110,1111,Pelham Bay Park Express to Westchester Sq-E Tremont Av
Westchester Sq-E Tremont Av,Middletown Rd,1111,1113,Pelham Bay Park Express to Middletown Rd
Middletown Rd,Buhre Av,1113,1114,Pelham Bay Park Express to Buhre Av
Buhre Av,Pelham Bay Park,1114,1117,Pelham Bay Park Express to Pelham Bay Park
Brooklyn Bridge-City Hall,Canal St,1063,1065,Pelham Bay Park Express to Canal St
Canal St,Spring St,1065,1066,Pelham Bay Park Express to Spring St
Spring St,Bleecker St,1066,1068,Pelham Bay Park Express to Bleecker St
Bleecker St,Astor Pl,1068,1069,Pelham Bay Park Express to Astor Pl
Astor Pl,14 St-Union Sq,1069,1071,Pelham Bay Park Express to 14 St-Union Sq
14 St-Union Sq,23 St,1071,1072,Pelham Bay Park Express to 23 St
23 St,28 St,1072,1074,Pelham Bay Park Express to 28 St
28 St,33 St,1074,1075,Pelham Bay Park Express to 33 St
33 St,Grand Central-42 St,1075,1077,Pelham Bay Park Express to Grand Central-42 St
Grand Central-42 St,51 St,1077,1079,Pelham Bay Park Express to 51 St
51 St,59 St,1079,1080,Pelham Bay Park Express to 59 St
59 St,68 St-Hunter College,1080,1082,Pelham Bay Park Express to 68 St-Hunter College
68 St-Hunter College,77 St,1082,1084,Pelham Bay Park Express to 77 St
77 St,86 St,1084,1086,Pelham Bay Park Express to 86 St
86 St,96 St,1087,1089,Pelham Bay Park Express to 96 St
96 St,103 St,1089,1090,Pelham Bay Park Express to 103 St
103 St,110 St,1090,1092,Pelham Bay Park Express to 110 St
110 St,116 St,1092,1093,Pelham Bay Park Express to 116 St
116 St,125 St,1093,1095,Pelham Bay Park Express to 125 St
125 St,3 Av-138 St,1095,1098,Pelham Bay Park Express to 3 Av-138 St
3 Av-138 St,Hunts Point Av,1098,1105,Pelham Bay Park Express to Hunts Point Av
Hunts Point Av,Parkchester,1106,1112,Pelham Bay Park Express to Parkchester
Parkchester,Castle Hill Av,1112,1114,Pelham Bay Park Express to Castle Hill Av
Castle Hill Av,Zerega Av,1114,1115,Pelham Bay Park Express to Zerega Av
Zerega Av,Westchester Sq-E Tremont Av,1115,1116,Pelham Bay Park Express to Westchester Sq-E Tremont Av
Westchester Sq-E Tremont Av,Middletown Rd,1116,1118,Pelham Bay Park Express to Middletown Rd
Middletown Rd,Buhre Av,1118,1119,Pelham Bay Park Express to Buhre Av
Buhre Av,Pelham Bay Park,1119,1122,Pelham Bay Park Express to Pelham Bay Park
Brooklyn Bridge-City Hall,Canal St,1070,1072,Pelham Bay Park Express to Canal St
Canal St,Spring St,1072,1073,Pelham Bay Park Express to Spring St
Spring St,Bleecker St,1073,1075,Pelham Bay Park Express to Bleecker St
Bleecker St,Astor Pl,1075,1076,Pelham Bay Park Express to Astor Pl
Astor Pl,14 St-Union Sq,1076,1078,Pelham Bay Park Express to 14 St-Union Sq
14 St-Union Sq,23 St,1078,1079,Pelham Bay Park Express to 23 St
23 St,28 St,1079,1081,Pelham Bay Park Express to 28 St
28 St,33 St,1081,1082,Pelham Bay Park Express to 33 St
33 St,Grand Central-42 St,1082,1084,Pelham Bay Park Express to Grand Central-42 St
Grand Central-42 St,51 St,1084,1086,Pelham Bay Park Express to 51 St
51 St,59 St,1086,1087,Pelham Bay Park Express to 59 St
59 St,68 St-Hunter College,1087,1089,Pelham Bay Park Express to 68 St-Hunter College
68 St-Hunter College,77 St,1089,1091,Pelham Bay Park Express to 77 St
77 St,86 St,1091,1093,Pelham Bay Park Express to 86 St
86 St,96 St,1094,1096,Pelham Bay Park Express to 96 St
96 St,103 St,1096,1097,Pelham Bay Park Express to 103 St
103 St,110 St,1097,1099,Pelham Bay Park Express to 110 St
110 St,116 St,1099,1100,Pelham Bay Park Express to 116 St
116 St,125 St,1100,1102,Pelham Bay Park Express to 125 St
125 St,3 Av-138 St,1102,1105,Pelham Bay Park Express to 3 Av-138 St
3 Av-138 St,Hunts Point Av,1105,1112,Pelham Bay Park Express to Hunts Point Av
Hunts Point Av,Parkchester,1113,1119,Pelham Bay Park Express to Parkchester
Parkchester,Castle Hill Av,1119,1121,Pelham Bay Park Express to Castle Hill Av
Castle Hill Av,Zerega Av,1121,1122,Pelham Bay Park Express to Zerega Av
Zerega Av,Westchester Sq-E Tremont Av,1122,1123,Pelham Bay Park Express to Westchester Sq-E Tremont Av
Westchester Sq-E Tremont Av,Middletown Rd,1123,1125,Pelham Bay Park Express to Middletown Rd
Middletown Rd,Buhre Av,1125,1126,Pelham Bay Park Express to Buhre Av
Buhre Av,Pelham Bay Park,1126,1129,Pelham Bay Park Express to Pelham Bay Park
Brooklyn Bridge-City Hall,Canal St,1077,1079,Pelham Bay Park Express to Canal St
Canal St,Spring St,1079,1080,Pelham Bay Park Express to Spring St
Spring St,Bleecker St,1080,1082,Pelham Bay Park Express to Bleecker St
Bleecker St,Astor Pl,1082,1083,Pelham Bay Park Express to Astor Pl
Astor Pl,14 St-Union Sq,1083,1085,Pelham Bay Park Express to 14 St-Union Sq
14 St-Union Sq,23 St,1085,1086,Pelham Bay Park Express to 23 St
23 St,28 St,1086,1088,Pelham Bay Park Express to 28 St
28 St,33 St,1088,1089,Pelham Bay Park Express to 33 St
33 St,Grand Central-42 St,1089,1091,Pelham Bay Park Express to Grand Central-42 St
Grand Central-42 St,51 St,1091,1093,Pelham Bay Park Express to 51 St
51 St,59 St,1093,1094,Pelham Bay Park Express to 59 St
59 St,68 St-Hunter College,1094,1096,Pelham Bay Park Express to 68 St-Hunter College
68 St-Hunter College,77 St,1096,1098,Pelham Bay Park Express to 77 St
77 St,86 St,1098,1100,Pelham Bay Park Express to 86 St
86 St,96 St,1101,1103,Pelham Bay Park Express to 96 St
96 St,103 St,1103,1104,Pelham Bay Park Express to 103 St
103 St,110 St,1104,1106,Pelham Bay Park Express to 110 St
110 St,116 St,1106,1107,Pelham Bay Park Express to 116 St
116 St,125 St,1107,1109,Pelham Bay Park Express to 125 St
125 St,3 Av-138 St,1109,1112,Pelham Bay Park Express to 3 Av-138 St
3 Av-138 St,Hunts Point Av,1112,1119,Pelham Bay Park Express to Hunts Point Av
Hunts Point Av,Parkchester,1120,1126,Pelham Bay Park Express to Parkchester
Parkchester,Castle Hill Av,1126,1128,Pelham Bay Park Express to Castle Hill Av
Castle Hill Av,Zerega Av,1128,1129,Pelham Bay Park Express to Zerega Av
Zerega Av,Westchester Sq-E Tremont Av,1129,1130,Pelham Bay Park Express to Westchester Sq-E Tremont Av
Westchester Sq-E Tremont Av,Middletown Rd,1130,1132,Pelham Bay Park Express to Middletown Rd
Middletown Rd,Buhre Av,1132,1133,Pelham Bay Park Express to Buhre Av
Buhre Av,Pelham Bay Park,1133,1136,Pelham Bay Park Express to Pelham Bay Park
Brooklyn Bridge-City Hall,Canal St,1084,1086,Pelham Bay Park Express to Canal St
Canal St,Spring St,1086,1087,Pelham Bay Park Express to Spring St
Spring St,Bleecker St,1087,1089,Pelham Bay Park Express to Bleecker St
Bleecker St,Astor Pl,1089,1090,Pelham Bay Park Express to Astor Pl
Astor Pl,14 St-Union Sq,1090,1092,Pelham Bay Park Express to 14 St-Union Sq
14 St-Union Sq,23 St,1092,1093,Pelham Bay Park Express to 23 St
23 St,28 St,1093,1095,Pelham Bay Park Express to 28 St
28 St,33 St,1095,1096,Pelham Bay Park Express to 33 St
33 St,Grand Central-42 St,1096,1098,Pelham Bay Park Express to Grand Central-42 St
Grand Central-42 St,51 St,1098,1100,Pelham Bay Park Express to 51 St
51 St,59 St,1100,1101,Pelham Bay Park Express to 59 St
59 St,68 St-Hunter College,1101,1103,Pelham Bay Park Express to 68 St-Hunter College
68 St-Hunter College,77 St,1103,1105,Pelham Bay Park Express to 77 St
77 St,86 St,1105,1107,Pelham Bay Park Express to 86 St
86 St,96 St,1108,1110,Pelham Bay Park Express to 96 St
96 St,103 St,1110,1111,Pelham Bay Park Express to 103 St
103 St,110 St,1111,1113,Pelham Bay Park Express to 110 St
110 St,116 St,1113,1114,Pelham Bay Park Express to 116 St
116 St,125 St,1114,1116,Pelham Bay Park Express to 125 St
125 St,3 Av-138 St,1116,1119,Pelham Bay Park Express to 3 Av-138 St
3 Av-138 St,Hunts Point Av,1119,1126,Pelham Bay Park Express to Hunts Point Av
Hunts Point Av,Parkchester,1127,1133,Pelham Bay Park Express to Parkchester
Parkchester,Castle Hill Av,1135,1137,Pelham Bay Park Express to Castle Hill Av
Castle Hill Av,Zerega Av,1137,1138,Pelham Bay Park Express to Zerega Av
Zerega Av,Westchester Sq-E Tremont Av,1138,1139,Pelham Bay Park Express to Westchester Sq-E Tremont Av
Westchester Sq-E Tremont Av,Middletown Rd,1139,1141,Pelham Bay Park Express to Middletown Rd
Middletown Rd,Buhre Av,1141,1142,Pelham Bay Park Express to Buhre Av
Buhre Av,Pelham Bay Park,1142,1145,Pelham Bay Park Express to Pelham Bay Park
Brooklyn Bridge-City Hall,Canal St,1087,1089,Pelham Bay Park Express to Canal St
Canal St,Spring St,1089,1091,Pelham Bay Park Express to Spring St
Spring St,Bleecker St,1091,1092,Pelham Bay Park Express to Bleecker St
Bleecker St,Astor Pl,1092,1094,Pelham Bay Park Express to Astor Pl
Astor Pl,14 St-Union Sq,1094,1095,Pelham Bay Park Express to 14 St-Union Sq
14 St-Union Sq,23 St,1095,1097,Pelham Bay Park Express to 23 St
23 St,28 St,1097,1098,Pelham Bay Park Express to 28 St
28 St,33 St,1098,1100,Pelham Bay Park Express to 33 St
33 St,Grand Central-42 St,1100,1102,Pelham Bay Park Express to Grand Central-42 St
Grand Central-42 St,51 St,1102,1104,Pelham Bay Park Express to 51 St
51 St,59 St,1104,1105,Pelham Bay Park Express to 59 St
59 St,68 St-Hunter College,1105,1107,Pelham Bay Park Express to 68 St-Hunter College
68 St-Hunter College,77 St,1107,1109,Pelham Bay Park Express to 77 St
77 St,86 St,1109,1111,Pelham Bay Park Express to 86 St
86 St,96 St,1111,1113,Pelham Bay Park Express to 96 St
96 St,103 St,1113,1115,Pelham Bay Park Express to 103 St
103 St,110 St,1115,1116,Pelham Bay Park Express to 110 St
110 St,116 St,1116,1117,Pelham Bay Park Express to 116 St
116 St,125 St,1117,1119,Pelham Bay Park Express to 125 St
125 St,3 Av-138 St,1119,1123,Pelham Bay Park Express to 3 Av-138 St
3 Av-138 St,Hunts Point Av,1123,1130,Pelham Bay Park Express to Hunts Point Av
Hunts Point Av,Parkchester,1131,1137,Pelham Bay Park Express to Parkchester
Parkchester,Castle Hill Av,1139,1141,Pelham Bay Park Express to Castle Hill Av
Castle Hill Av,Zerega Av,1141,1142,Pelham Bay Park Express to Zerega Av
Zerega Av,Westchester Sq-E Tremont Av,1142,1143,Pelham Bay Park Express to Westchester Sq-E Tremont Av
Westchester Sq-E Tremont Av,Middletown Rd,1143,1145,Pelham Bay Park Express to Middletown Rd
Middletown Rd,Buhre Av,1145,1146,Pelham Bay Park Express to Buhre Av
Buhre Av,Pelham Bay Park,1146,1149,Pelham Bay Park Express to Pelham Bay Park
Brooklyn Bridge-City Hall,Canal St,1094,1096,Pelham Bay Park Express to Canal St
Canal St,Spring St,1096,1098,Pelham Bay Park Express to Spring St
Spring St,Bleecker St,1098,1099,Pelham Bay Park Express to Bleecker St
Bleecker St,Astor Pl,1099,1101,Pelham Bay Park Express to Astor Pl
Astor Pl,14 St-Union Sq,1101,1102,Pelham Bay Park Express to 14 St-Union Sq
14 St-Union Sq,23 St,1102,1104,Pelham Bay Park Express to 23 St
23 St,28 St,1104,1105,Pelham Bay Park Express to 28 St
28 St,33 St,1105,1107,Pelham Bay Park Express to 33 St
33 St,Grand Central-42 St,1107,1109,Pelham Bay Park Express to Grand Central-42 St
Grand Central-42 St,51 St,1109,1111,Pelham Bay Park Express to 51 St
51 St,59 St,1111,1112,Pelham Bay Park Express to 59 St
59 St,68 St-Hunter College,1112,1114,Pelham Bay Park Express to 68 St-Hunter College
68 St-Hunter College,77 St,1114,1116,Pelham Bay Park Express to 77 St
77 St,86 St,1116,1118,Pelham Bay Park Express to 86 St
86 St,96 St,1119,1121,Pelham Bay Park Express to 96 St
96 St,103 St,1121,1122,Pelham Bay Park Express to 103 St
103 St,110 St,1122,1124,Pelham Bay Park Express to 110 St
110 St,116 St,1124,1125,Pelham Bay Park Express to 116 St
116 St,125 St,1125,1127,Pelham Bay Park Express to 125 St
125 St,3 Av-138 St,1127,1130,Pelham Bay Park Express to 3 Av-138 St
3 Av-138 St,Hunts Point Av,1130,1137,Pelham Bay Park Express to Hunts Point Av
Hunts Point Av,Parkchester,1138,1144,Pelham Bay Park Express to Parkchester
Parkchester,Castle Hill Av,1146,1148,Pelham Bay Park Express to Castle Hill Av
Castle Hill Av,Zerega Av,1148,1149,Pelham Bay Park Express to Zerega Av
Zerega Av,Westchester Sq-E Tremont Av,1149,1150,Pelham Bay Park Express to Westchester Sq-E Tremont Av
Westchester Sq-E Tremont Av,Middletown Rd,1150,1152,Pelham Bay Park Express to Middletown Rd
Middletown Rd,Buhre Av,1152,1153,Pelham Bay Park Express to Buhre Av
Buhre Av,Pelham Bay Park,1153,1156,Pelham Bay Park Express to Pelham Bay Park
Brooklyn Bridge-City Hall,Canal St,1101,1103,Pelham Bay Park Express to Canal St
Canal St,Spring St,1103,1105,Pelham Bay Park Express to Spring St
Spring St,Bleecker St,1105,1106,Pelham Bay Park Express to Bleecker St
Bleecker St,Astor Pl,1106,1108,Pelham Bay Park Express to Astor Pl
Astor Pl,14 St-Union Sq,1108,1109,Pelham Bay Park Express to 14 St-Union Sq
14 St-Union Sq,23 St,1109,1111,Pelham Bay Park Express to 23 St
23 St,28 St,1111,1112,Pelham Bay Park Express to 28 St
28 St,33 St,1112,1114,Pelham Bay Park Express to 33 St
33 St,Grand Central-42 St,1114,1116,Pelham Bay Park Express to Grand Central-42 St
Grand Central-42 St,51 St,1116,1118,Pelham Bay Park Express to 51 St
51 St,59 St,1118,1119,Pelham Bay Park Express to 59 St
59 St,68 St-Hunter College,1119,1121,Pelham Bay Park Express to 68 St-Hunter College
68 St-Hunter College,77 St,1121,1123,Pelham Bay Park Express to 77 St
77 St,86 St,1123,1125,Pelham Bay Park Express to 86 St
86 St,96 St,1126,1128,Pelham Bay Park Express to 96 St
96 St,103 St,1128,1129,Pelham Bay Park Express to 103 St
103 St,110 St,1129,1131,Pelham Bay Park Express to 110 St
110 St,116 St,1131,1132,Pelham Bay Park Express to 116 St
116 St,125 St,1132,1134,Pelham Bay Park Express to 125 St
125 St,3 Av-138 St,1134,1137,Pelham Bay Park Express to 3 Av-138 St
3 Av-138 St,Hunts Point Av,1137,1144,Pelham Bay Park Express to Hunts Point Av
Hunts Point Av,Parkchester,1147,1153,Pelham Bay Park Express to Parkchester
Parkchester,Castle Hill Av,1157,1159,Pelham Bay Park Express to Castle Hill Av
Castle Hill Av,Zerega Av,1159,1160,Pelham Bay Park Express to Zerega Av
Zerega Av,Westchester Sq-E Tremont Av,1160,1161,Pelham Bay Park Express to Westchester Sq-E Tremont Av
Westchester Sq-E Tremont Av,Middletown Rd,1161,1162,Pelham Bay Park Express to Middletown Rd
Middletown Rd,Buhre Av,1162,1164,Pelham Bay Park Express to Buhre Av
Buhre Av,Pelham Bay Park,1164,1166,Pelham Bay Park Express to Pelham Bay Park
Brooklyn Bridge-City Hall,Canal St,1108,1110,Pelham Bay Park Express to Canal St
Canal St,Spring St,1110,1112,Pelham Bay Park Express to Spring St
Spring St,Bleecker St,1112,1113,Pelham Bay Park Express to Bleecker St
Bleecker St,Astor Pl,1113,1115,Pelham Bay Park Express to Astor Pl
Astor Pl,14 St-Union Sq,1115,1116,Pelham Bay Park Express to 14 St-Union Sq
14 St-Union Sq,23 St,1116,1118,Pelham Bay Park Express to 23 St
23 St,28 St,1118,1119,Pelham Bay Park Express to 28 St
28 St,33 St,1119,1121,Pelham Bay Park Express to 33 St
33 St,Grand Central-42 St,1121,1123,Pelham Bay Park Express to Grand Central-42 St
Grand Central-42 St,51 St,1123,1125,Pelham Bay Park Express to 51 St
51 St,59 St,1125,1126,Pelham Bay Park Express to 59 St
59 St,68 St-Hunter College,1126,1128,Pelham Bay Park Express to 68 St-Hunter College
68 St-Hunter College,77 St,1128,1130,Pelham Bay Park Express to 77 St
77 St,86 St,1130,1132,Pelham Bay Park Express to 86 St
86 St,96 St,1133,1135,Pelham Bay Park Express to 96 St
96 St,103 St,1135,1136,Pelham Bay Park Express to 103 St
103 St,110 St,1136,1138,Pelham Bay Park Express to 110 St
110 St,116 St,1138,1139,Pelham Bay Park Express to 116 St
116 St,125 St,1139,1141,Pelham Bay Park Express to 125 St
125 St,3 Av-138 St,1141,1144,Pelham Bay Park Express to 3 Av-138 St
3 Av-138 St,Hunts Point Av,1144,1151,Pelham Bay Park Express to Hunts Point Av
Hunts Point Av,Parkchester,1153,1159,Pelham Bay Park Express to Parkchester
Parkchester,Castle Hill Av,1162,1164,Pelham Bay Park Express to Castle Hill Av
Castle Hill Av,Zerega Av,1164,1165,Pelham Bay Park Express to Zerega Av
Zerega Av,Westchester Sq-E Tremont Av,1165,1166,Pelham Bay Park Express to Westchester Sq-E Tremont Av
Westchester Sq-E Tremont Av,Middletown Rd,1166,1167,Pelham Bay Park Express to Middletown Rd
Middletown Rd,Buhre Av,1167,1169,Pelham Bay Park Express to Buhre Av
Buhre Av,Pelham Bay Park,1169,1171,Pelham Bay Park Express to Pelham Bay Park
Brooklyn Bridge-City Hall,Canal St,1116,1118,Pelham Bay Park Express to Canal St
Canal St,Spring St,1118,1119,Pelham Bay Park Express to Spring St
Spring St,Bleecker St,1119,1121,Pelham Bay Park Express to Bleecker St
Bleecker St,Astor Pl,1121,1122,Pelham Bay Park Express to Astor Pl
Astor Pl,14 St-Union Sq,1122,1124,Pelham Bay Park Express to 14 St-Union Sq
14 St-Union Sq,23 St,1124,1126,Pelham Bay Park Express to 23 St
23 St,28 St,1126,1127,Pelham Bay Park Express to 28 St
28 St,33 St,1127,1128,Pelham Bay Park Express to 33 St
33 St,Grand Central-42 St,1128,1130,Pelham Bay Park Express to Grand Central-42 St
Grand Central-42 St,51 St,1130,1132,Pelham Bay Park Express to 51 St
51 St,59 St,1132,1134,Pelham Bay Park Express to 59 St
59 St,68 St-Hunter College,1134,1136,Pelham Bay Park Express to 68 St-Hunter College
68 St-Hunter College,77 St,1136,1137,Pelham Bay Park Express to 77 St
77 St,86 St,1137,1139,Pelham Bay Park Express to 86 St
86 St,96 St,1140,1142,Pelham Bay Park Express to 96 St
96 St,103 St,1142,1144,Pelham Bay Park Express to 103 St
103 St,110 St,1144,1145,Pelham Bay Park Express to 110 St
110 St,116 St,1145,1146,Pelham Bay Park Express to 116 St
116 St,125 St,1146,1148,Pelham Bay Park Express to 125 St
125 St,3 Av-138 St,1148,1151,Pelham Bay Park Express to 3 Av-138 St
3 Av-138 St,Hunts Point Av,1151,1158,Pelham Bay Park Express to Hunts Point Av
Hunts Point Av,Parkchester,1160,1166,Pelham Bay Park Express to Parkchester
Parkchester,Castle Hill Av,1167,1169,Pelham Bay Park Express to Castle Hill Av
Castle Hill Av,Zerega Av,1169,1170,Pelham Bay Park Express to Zerega Av
Zerega Av,Westchester Sq-E Tremont Av,1170,1171,Pelham Bay Park Express to Westchester Sq-E Tremont Av
Westchester Sq-E Tremont Av,Middletown Rd,1171,1172,Pelham Bay Park Express to Middletown Rd
Middletown Rd,Buhre Av,1172,1174,Pelham Bay Park Express to Buhre Av
Buhre Av,Pelham Bay Park,1174,1176,Pelham Bay Park Express to Pelham Bay Park
Brooklyn Bridge-City Hall,Canal St,1124,1126,Pelham Bay Park Express to Canal St
Canal St,Spring St,1126,1127,Pelham Bay Park Express to Spring St
Spring St,Bleecker St,1127,1129,Pelham Bay Park Express to Bleecker St
Bleecker St,Astor Pl,1129,1130,Pelham Bay Park Express to Astor Pl
Astor Pl,14 St-Union Sq,1130,1132,Pelham Bay Park Express to 14 St-Union Sq
14 St-Union Sq,23 St,1132,1134,Pelham Bay Park Express to 23 St
23 St,28 St,1134,1135,Pelham Bay Park Express to 28 St
28 St,33 St,1135,1136,Pelham Bay Park Express to 33 St
33 St,Grand Central-42 St,1136,1138,Pelham Bay Park Express to Grand Central-42 St
Grand Central-42 St,51 St,1138,1140,Pelham Bay Park Express to 51 St
51 St,59 St,1140,1142,Pelham Bay Park Express to 59 St
59 St,68 St-Hunter College,1142,1144,Pelham Bay Park Express to 68 St-Hunter College
68 St-Hunter College,77 St,1144,1145,Pelham Bay Park Express to 77 St
77 St,86 St,1145,1147,Pelham Bay Park Express to 86 St
86 St,96 St,1148,1150,Pelham Bay Park Express to 96 St
96 St,103 St,1150,1152,Pelham Bay Park Express to 103 St
103 St,110 St,1152,1153,Pelham Bay Park Express to 110 St
110 St,116 St,1153,1154,Pelham Bay Park Express to 116 St
116 St,125 St,1154,1156,Pelham Bay Park Express to 125 St
125 St,3 Av-138 St,1156,1159,Pelham Bay Park Express to 3 Av-138 St
3 Av-138 St,Hunts Point Av,1159,1166,Pelham Bay Park Express to Hunts Point Av
Hunts Point Av,Parkchester,1168,1174,Pelham Bay Park Express to Parkchester
Parkchester,Castle Hill Av,1176,1178,Pelham Bay Park Express to Castle Hill Av
Castle Hill Av,Zerega Av,1178,1179,Pelham Bay Park Express to Zerega Av
Zerega Av,Westchester Sq-E Tremont Av,1179,1180,Pelham Bay Park Express to Westchester Sq-E Tremont Av
Westchester Sq-E Tremont Av,Middletown Rd,1180,1181,Pelham Bay Park Express to Middletown Rd
Middletown Rd,Buhre Av,1181,1183,Pelham Bay Park Express to Buhre Av
Buhre Av,Pelham Bay Park,1183,1185,Pelham Bay Park Express to Pelham Bay Park
Brooklyn Bridge-City Hall,Canal St,1132,1134,Pelham Bay Park Express to Canal St
Canal St,Spring St,1134,1135,Pelham Bay Park Express to Spring St
Spring St,Bleecker St,1135,1137,Pelham Bay Park Express to Bleecker St
Bleecker St,Astor Pl,1137,1138,Pelham Bay Park Express to Astor Pl
Astor Pl,14 St-Union Sq,1138,1140,Pelham Bay Park Express to 14 St-Union Sq
14 St-Union Sq,23 St,1140,1141,Pelham Bay Park Express to 23 St
23 St,28 St,1141,1143,Pelham Bay Park Express to 28 St
28 St,33 St,1143,1144,Pelham Bay Park Express to 33 St
33 St,Grand Central-42 St,1144,1146,Pelham Bay Park Express to Grand Central-42 St
Grand Central-42 St,51 St,1146,1148,Pelham Bay Park Express to 51 St
51 St,59 St,1148,1149,Pelham Bay Park Express to 59 St
59 St,68 St-Hunter College,1149,1151,Pelham Bay Park Express to 68 St-Hunter College
68 St-Hunter College,77 St,1151,1153,Pelham Bay Park Express to 77 St
77 St,86 St,1153,1155,Pelham Bay Park Express to 86 St
86 St,96 St,1156,1158,Pelham Bay Park Express to 96 St
96 St,103 St,1158,1159,Pelham Bay Park Express to 103 St
103 St,110 St,1159,1161,Pelham Bay Park Express to 110 St
110 St,116 St,1161,1162,Pelham Bay Park Express to 116 St
116 St,125 St,1162,1164,Pelham Bay Park Express to 125 St
125 St,3 Av-138 St,1164,1167,Pelham Bay Park Express to 3 Av-138 St
3 Av-138 St,Hunts Point Av,1167,1174,Pelham Bay Park Express to Hunts Point Av
Hunts Point Av,Parkchester,1175,1181,Pelham Bay Park Express to Parkchester
Parkchester,Castle Hill Av,1181,1183,Pelham Bay Park Express to Castle Hill Av
Castle Hill Av,Zerega Av,1183,1184,Pelham Bay Park Express to Zerega Av
Zerega Av,Westchester Sq-E Tremont Av,1184,1185,Pelham Bay Park Express to Westchester Sq-E Tremont Av
Westchester Sq-E Tremont Av,Middletown Rd,1185,1187,Pelham Bay Park Express to Middletown Rd
Middletown Rd,Buhre Av,1187,1188,Pelham Bay Park Express to Buhre Av
Buhre Av,Pelham Bay Park,1188,1191,Pelham Bay Park Express to Pelham Bay Park
Brooklyn Bridge-City Hall,Canal St,1140,1142,Pelham Bay Park Express to Canal St
Canal St,Spring St,1142,1143,Pelham Bay Park Express to Spring St
Spring St,Bleecker St,1143,1145,Pelham Bay Park Express to Bleecker St
Bleecker St,Astor Pl,1145,1146,Pelham Bay Park Express to Astor Pl
Astor Pl,14 St-Union Sq,1146,1148,Pelham Bay Park Express to 14 St-Union Sq
14 St-Union Sq,23 St,1148,1149,Pelham Bay Park Express to 23 St
23 St,28 St,1149,1151,Pelham Bay Park Express to 28 St
28 St,33 St,1151,1152,Pelham Bay Park Express to 33 St
33 St,Grand Central-42 St,1152,1154,Pelham Bay Park Express to Grand Central-42 St
Grand Central-42 St,51 St,1154,1156,Pelham Bay Park Express to 51 St
51 St,59 St,1156,1157,Pelham Bay Park Express to 59 St
59 St,68 St-Hunter College,1157,1159,Pelham Bay Park Express to 68 St-Hunter College
68 St-Hunter College,77 St,1159,1161,Pelham Bay Park Express to 77 St
77 St,86 St,1161,1163,Pelham Bay Park Express to 86 St
86 St,96 St,1163,1165,Pelham Bay Park Express to 96 St
96 St,103 St,1165,1167,Pelham Bay Park Express to 103 St
103 St,110 St,1167,1168,Pelham Bay Park Express to 110 St
110 St,116 St,1168,1169,Pelham Bay Park Express to 116 St
116 St,125 St,1169,1171,Pelham Bay Park Express to 125 St
125 St,3 Av-138 St,1171,1174,Pelham Bay Park Express to 3 Av-138 St
3 Av-138 St,Hunts Point Av,1174,1181,Pelham Bay Park Express to Hunts Point Av
Hunts Point Av,Parkchester,1182,1188,Pelham Bay Park Express to Parkchester
Parkchester,Castle Hill Av,1191,1193,Pelham Bay Park Express to Castle Hill Av
Castle Hill Av,Zerega Av,1193,1194,Pelham Bay Park Express to Zerega Av
Zerega Av,Westchester Sq-E Tremont Av,1194,1195,Pelham Bay Park Express to Westchester Sq-E Tremont Av
Westchester Sq-E Tremont Av,Middletown Rd,1195,1196,Pelham Bay Park Express to Middletown Rd
Middletown Rd,Buhre Av,1196,1198,Pelham Bay Park Express to Buhre Av
Buhre Av,Pelham Bay Park,1198,1200,Pelham Bay Park Express to Pelham Bay Park
Brooklyn Bridge-City Hall,Canal St,1148,1150,Pelham Bay Park Express to Canal St
Canal St,Spring St,1150,1151,Pelham Bay Park Express to Spring St
Spring St,Bleecker St,1151,1153,Pelham Bay Park Express to Bleecker St
Bleecker St,Astor Pl,1153,1154,Pelham Bay Park Express to Astor Pl
Astor Pl,14 St-Union Sq,1154,1156,Pelham Bay Park Express to 14 St-Union Sq
14 St-Union Sq,23 St,1156,1157,Pelham Bay Park Express to 23 St
23 St,28 St,1157,1159,Pelham Bay Park Express to 28 St
28 St,33 St,1159,1160,Pelham Bay Park Express to 33 St
33 St,Grand Central-42 St,1160,1162,Pelham Bay Park Express to Grand Central-42 St
Grand Central-42 St,51 St,1162,1164,Pelham Bay Park Express to 51 St
51 St,59 St,1164,1165,Pelham Bay Park Express to 59 St
59 St,68 St-Hunter College,1165,1167,Pelham Bay Park Express to 68 St-Hunter College
68 St-Hunter College,77 St,1167,1169,Pelham Bay Park Express to 77 St
77 St,86 St,1169,1170,Pelham Bay Park Express to 86 St
86 St,96 St,1171,1173,Pelham Bay Park Express to 96 St
96 St,103 St,1173,1175,Pelham Bay Park Express to 103 St
103 St,110 St,1175,1176,Pelham Bay Park Express to 110 St
110 St,116 St,1176,1177,Pelham Bay Park Express to 116 St
116 St,125 St,1177,1179,Pelham Bay Park Express to 125 St
125 St,3 Av-138 St,1179,1182,Pelham Bay Park Express to 3 Av-138 St
3 Av-138 St,Hunts Point Av,1182,1189,Pelham Bay Park Express to Hunts Point Av
Hunts Point Av,Parkchester,1190,1196,Pelham Bay Park Express to Parkchester
Parkchester,Castle Hill Av,1198,1200,Pelham Bay Park Express to Castle Hill Av
Castle Hill Av,Zerega Av,1200,1201,Pelham Bay Park Express to Zerega Av
Zerega Av,Westchester Sq-E Tremont Av,1201,1202,Pelham Bay Park Express to Westchester Sq-E Tremont Av
Westchester Sq-E Tremont Av,Middletown Rd,1202,1203,Pelham Bay Park Express to Middletown Rd
Middletown Rd,Buhre Av,1203,1205,Pelham Bay Park Express to Buhre Av
Buhre Av,Pelham Bay Park,1205,1207,Pelham Bay Park Express to Pelham Bay Park
Brooklyn Bridge-City Hall,Canal St,1160,1162,Pelham Bay Park Express to Canal St
Canal St,Spring St,1162,1163,Pelham Bay Park Express to Spring St
Spring St,Bleecker St,1163,1165,Pelham Bay Park Express to Bleecker St
Bleecker St,Astor Pl,1165,1166,Pelham Bay Park Express to Astor Pl
Astor Pl,14 St-Union Sq,1166,1168,Pelham Bay Park Express to 14 St-Union Sq
14 St-Union Sq,23 St,1168,1169,Pelham Bay Park Express to 23 St
23 St,28 St,1169,1171,Pelham Bay Park Express to 28 St
28 St,33 St,1171,1172,Pelham Bay Park Express to 33 St
33 St,Grand Central-42 St,1172,1174,Pelham Bay Park Express to Grand Central-42 St
Grand Central-42 St,51 St,1174,1176,Pelham Bay Park Express to 51 St
51 St,59 St,1176,1177,Pelham Bay Park Express to 59 St
59 St,68 St-Hunter College,1177,1179,Pelham Bay Park Express to 68 St-Hunter College
68 St-Hunter College,77 St,1179,1181,Pelham Bay Park Express to 77 St
77 St,86 St,1181,1182,Pelham Bay Park Express to 86 St
86 St,96 St,1183,1185,Pelham Bay Park Express to 96 St
96 St,103 St,1185,1187,Pelham Bay Park Express to 103 St
103 St,110 St,1187,1188,Pelham Bay Park Express to 110 St
110 St,116 St,1188,1189,Pelham Bay Park Express to 116 St
116 St,125 St,1189,1191,Pelham Bay Park Express to 125 St
125 St,3 Av-138 St,1191,1194,Pelham Bay Park Express to 3 Av-138 St
3 Av-138 St,Hunts Point Av,1194,1201,Pelham Bay Park Express to Hunts Point Av
Hunts Point Av,Parkchester,1202,1208,Pelham Bay Park Express to Parkchester
Parkchester,Castle Hill Av,1210,1211,Pelham Bay Park Express to Castle Hill Av
Castle Hill Av,Zerega Av,1211,1212,Pelham Bay Park Express to Zerega Av
Zerega Av,Westchester Sq-E Tremont Av,1212,1213,Pelham Bay Park Express to Westchester Sq-E Tremont Av
Westchester Sq-E Tremont Av,Middletown Rd,1213,1215,Pelham Bay Park Express to Middletown Rd
Middletown Rd,Buhre Av,1215,1216,Pelham Bay Park Express to Buhre Av
Buhre Av,Pelham Bay Park,1216,1219,Pelham Bay Park Express to Pelham Bay Park
Brooklyn Bridge-City Hall,Canal St,1168,1170,Pelham Bay Park Express to Canal St
Canal St,Spring St,1170,1171,Pelham Bay Park Express to Spring St
Spring St,Bleecker St,1171,1173,Pelham Bay Park Express to Bleecker St
Bleecker St,Astor Pl,1173,1174,Pelham Bay Park Express to Astor Pl
Astor Pl,14 St-Union Sq,1174,1176,Pelham Bay Park Express to 14 St-Union Sq
14 St-Union Sq,23 St,1176,1177,Pelham Bay Park Express to 23 St
23 St,28 St,1177,1179,Pelham Bay Park Express to 28 St
28 St,33 St,1179,1180,Pelham Bay Park Express to 33 St
33 St,Grand Central-42 St,1180,1182,Pelham Bay Park Express to Grand Central-42 St
Grand Central-42 St,51 St,1182,1184,Pelham Bay Park Express to 51 St
51 St,59 St,1184,1185,Pelham Bay Park Express to 59 St
59 St,68 St-Hunter College,1185,1187,Pelham Bay Park Express to 68 St-Hunter College
68 St-Hunter College,77 St,1187,1189,Pelham Bay Park Express to 77 St
77 St,86 St,1189,1190,Pelham Bay Park Express to 86 St
86 St,96 St,1191,1193,Pelham Bay Park Express to 96 St
96 St,103 St,1193,1195,Pelham Bay Park Express to 103 St
103 St,110 St,1195,1196,Pelham Bay Park Express to 110 St
110 St,116 St,1196,1197,Pelham Bay Park Express to 116 St
116 St,125 St,1197,1199,Pelham Bay Park Express to 125 St
125 St,3 Av-138 St,1199,1202,Pelham Bay Park Express to 3 Av-138 St
3 Av-138 St,Hunts Point Av,1202,1209,Pelham Bay Park Express to Hunts Point Av
Hunts Point Av,Parkchester,1210,1216,Pelham Bay Park Express to Parkchester
Parkchester,Castle Hill Av,1218,1220,Pelham Bay Park Express to Castle Hill Av
Castle Hill Av,Zerega Av,1220,1221,Pelham Bay Park Express to Zerega Av
Zerega Av,Westchester Sq-E Tremont Av,1221,1222,Pelham Bay Park Express to Westchester Sq-E Tremont Av
Westchester Sq-E Tremont Av,Middletown Rd,1222,1223,Pelham Bay Park Express to Middletown Rd
Middletown Rd,Buhre Av,1223,1225,Pelham Bay Park Express to Buhre Av
Buhre Av,Pelham Bay Park,1225,1227,Pelham Bay Park Express to Pelham Bay Park
Brooklyn Bridge-City Hall,Canal St,1180,1182,Pelham Bay Park Express to Canal St
Canal St,Spring St,1182,1183,Pelham Bay Park Express to Spring St
Spring St,Bleecker St,1183,1185,Pelham Bay Park Express to Bleecker St
Bleecker St,Astor Pl,1185,1186,Pelham Bay Park Express to Astor Pl
Astor Pl,14 St-Union Sq,1186,1188,Pelham Bay Park Express to 14 St-Union Sq
14 St-Union Sq,23 St,1188,1189,Pelham Bay Park Express to 23 St
23 St,28 St,1189,1191,Pelham Bay Park Express to 28 St
28 St,33 St,1191,1192,Pelham Bay Park Express to 33 St
33 St,Grand Central-42 St,1192,1194,Pelham Bay Park Express to Grand Central-42 St
Grand Central-42 St,51 St,1194,1196,Pelham Bay Park Express to 51 St
51 St,59 St,1196,1197,Pelham Bay Park Express to 59 St
59 St,68 St-Hunter College,1197,1199,Pelham Bay Park Express to 68 St-Hunter College
68 St-Hunter College,77 St,1199,1201,Pelham Bay Park Express to 77 St
77 St,86 St,1201,1202,Pelham Bay Park Express to 86 St
86 St,96 St,1203,1205,Pelham Bay Park Express to 96 St
96 St,103 St,1205,1207,Pelham Bay Park Express to 103 St
103 St,110 St,1207,1208,Pelham Bay Park Express to 110 St
110 St,116 St,1208,1209,Pelham Bay Park Express to 116 St
116 St,125 St,1209,1211,Pelham Bay Park Express to 125 St
125 St,3 Av-138 St,1211,1214,Pelham Bay Park Express to 3 Av-138 St
3 Av-138 St,Hunts Point Av,1214,1221,Pelham Bay Park Express to Hunts Point Av
Hunts Point Av,Parkchester,1222,1228,Pelham Bay Park Express to Parkchester
Parkchester,Castle Hill Av,1231,1232,Pelham Bay Park Express to Castle Hill Av
Castle Hill Av,Zerega Av,1232,1233,Pelham Bay Park Express to Zerega Av
Zerega Av,Westchester Sq-E Tremont Av,1233,1234,Pelham Bay Park Express to Westchester Sq-E Tremont Av
Westchester Sq-E Tremont Av,Middletown Rd,1234,1236,Pelham Bay Park Express to Middletown Rd
Middletown Rd,Buhre Av,1236,1237,Pelham Bay Park Express to Buhre Av
Buhre Av,Pelham Bay Park,1237,1240,Pelham Bay Park Express to Pelham Bay Park
Brooklyn Bridge-City Hall,Canal St,1189,1191,Pelham Bay Park Express to Canal St
Canal St,Spring St,1191,1192,Pelham Bay Park Express to Spring St
Spring St,Bleecker St,1192,1194,Pelham Bay Park Express to Bleecker St
Bleecker St,Astor Pl,1194,1195,Pelham Bay Park Express to Astor Pl
Astor Pl,14 St-Union Sq,1195,1197,Pelham Bay Park Express to 14 St-Union Sq
14 St-Union Sq,23 St,1197,1198,Pelham Bay Park Express to 23 St
23 St,28 St,1198,1200,Pelham Bay Park Express to 28 St
28 St,33 St,1200,1201,Pelham Bay Park Express to 33 St
33 St,Grand Central-42 St,1201,1203,Pelham Bay Park Express to Grand Central-42 St
Grand Central-42 St,51 St,1203,1205,Pelham Bay Park Express to 51 St
51 St,59 St,1205,1206,Pelham Bay Park Express to 59 St
59 St,68 St-Hunter College,1206,1208,Pelham Bay Park Express to 68 St-Hunter College
68 St-Hunter College,77 St,1208,1210,Pelham Bay Park Express to 77 St
77 St,86 St,1210,1211,Pelham Bay Park Express to 86 St
86 St,96 St,1211,1213,Pelham Bay Park Express to 96 St
96 St,103 St,1213,1215,Pelham Bay Park Express to 103 St
103 St,110 St,1215,1216,Pelham Bay Park Express to 110 St
110 St,116 St,1216,1217,Pelham Bay Park Express to 116 St
116 St,125 St,1217,1219,Pelham Bay Park Express to 125 St
125 St,3 Av-138 St,1219,1222,Pelham Bay Park Express to 3 Av-138 St
3 Av-138 St,Hunts Point Av,1222,1229,Pelham Bay Park Express to Hunts Point Av
Hunts Point Av,Parkchester,1230,1236,Pelham Bay Park Express to Parkchester
Parkchester,Castle Hill Av,1238,1240,Pelham Bay Park Express to Castle Hill Av
Castle Hill Av,Zerega Av,1240,1241,Pelham Bay Park Express to Zerega Av
Zerega Av,Westchester Sq-E Tremont Av,1241,1242,Pelham Bay Park Express to Westchester Sq-E Tremont Av
Westchester Sq-E Tremont Av,Middletown Rd,1242,1243,Pelham Bay Park Express to Middletown Rd
Middletown Rd,Buhre Av,1243,1245,Pelham Bay Park Express to Buhre Av
Buhre Av,Pelham Bay Park,1245,1247,Pelham Bay Park Express to Pelham Bay Park
Brooklyn Bridge-City Hall,Canal St,1198,1200,Pelham Bay Park Express to Canal St
Canal St,Spring St,1200,1201,Pelham Bay Park Express to Spring St
Spring St,Bleecker St,1201,1203,Pelham Bay Park Express to Bleecker St
Bleecker St,Astor Pl,1203,1204,Pelham Bay Park Express to Astor Pl
Astor Pl,14 St-Union Sq,1204,1206,Pelham Bay Park Express to 14 St-Union Sq
14 St-Union Sq,23 St,1206,1207,Pelham Bay Park Express to 23 St
23 St,28 St,1207,1209,Pelham Bay Park Express to 28 St
28 St,33 St,1209,1210,Pelham Bay Park Express to 33 St
33 St,Grand Central-42 St,1210,1212,Pelham Bay Park Express to Grand Central-42 St
Grand Central-42 St,51 St,1212,1214,Pelham Bay Park Express to 51 St
51 St,59 St,1214,1215,Pelham Bay Park Express to 59 St
59 St,68 St-Hunter College,1215,1217,Pelham Bay Park Express to 68 St-Hunter College
68 St-Hunter College,77 St,1217,1219,Pelham Bay Park Express to 77 St
77 St,86 St,1219,1220,Pelham Bay Park Express to 86 St
86 St,96 St,1220,1222,Pelham Bay Park Express to 96 St
96 St,103 St,1222,1224,Pelham Bay Park Express to 103 St
103 St,110 St,1224,1225,Pelham Bay Park Express to 110 St
110 St,116 St,1225,1226,Pelham Bay Park Express to 116 St
116 St,125 St,1226,1228,Pelham Bay Park Express to 125 St
125 St,3 Av-138 St,1228,1231,Pelham Bay Park Express to 3 Av-138 St
3 Av-138 St,Hunts Point Av,1231,1238,Pelham Bay Park Express to Hunts Point Av
Hunts Point Av,Parkchester,1239,1245,Pelham Bay Park Express to Parkchester
Parkchester,Castle Hill Av,1245,1247,Pelham Bay Park Express to Castle Hill Av
Castle Hill Av,Zerega Av,1247,1248,Pelham Bay Park Express to Zerega Av
Zerega Av,Westchester Sq-E Tremont Av,1248,1249,Pelham Bay Park Express to Westchester Sq-E Tremont Av
Westchester Sq-E Tremont Av,Middletown Rd,1249,1250,Pelham Bay Park Express to Middletown Rd
Middletown Rd,Buhre Av,1250,1252,Pelham Bay Park Express to Buhre Av
Buhre Av,Pelham Bay Park,1252,1254,Pelham Bay Park Express to Pelham Bay Park
Brooklyn Bridge-City Hall,Canal St,1207,1209,Pelham Bay Park Express to Canal St
Canal St,Spring St,1209,1210,Pelham Bay Park Express to Spring St
Spring St,Bleecker St,1210,1212,Pelham Bay Park Express to Bleecker St
Bleecker St,Astor Pl,1212,1213,Pelham Bay Park Express to Astor Pl
Astor Pl,14 St-Union Sq,1213,1215,Pelham Bay Park Express to 14 St-Union Sq
14 St-Union Sq,23 St,1215,1216,Pelham Bay Park Express to 23 St
23 St,28 St,1216,1218,Pelham Bay Park Express to 28 St
28 St,33 St,1218,1219,Pelham Bay Park Express to 33 St
33 St,Grand Central-42 St,1219,1221,Pelham Bay Park Express to Grand Central-42 St
Grand Central-42 St,51 St,1221,1223,Pelham Bay Park Express to 51 St
51 St,59 St,1223,1224,Pelham Bay Park Express to 59 St
59 St,68 St-Hunter College,1224,1226,Pelham Bay Park Express to 68 St-Hunter College
68 St-Hunter College,77 St,1226,1228,Pelham Bay Park Express to 77 St
77 St,86 St,1228,1229,Pelham Bay Park Express to 86 St
86 St,96 St,1229,1231,Pelham Bay Park Express to 96 St
96 St,103 St,1231,1233,Pelham Bay Park Express to 103 St
103 St,110 St,1233,1234,Pelham Bay Park Express to 110 St
110 St,116 St,1234,1235,Pelham Bay Park Express to 116 St
116 St,125 St,1235,1237,Pelham Bay Park Express to 125 St
125 St,3 Av-138 St,1237,1240,Pelham Bay Park Express to 3 Av-138 St
3 Av-138 St,Hunts Point Av,1240,1247,Pelham Bay Park Express to Hunts Point Av
Hunts Point Av,Parkchester,1250,1256,Pelham Bay Park Express to Parkchester
Parkchester,Castle Hill Av,1258,1260,Pelham Bay Park Express to Castle Hill Av
Castle Hill Av,Zerega Av,1260,1261,Pelham Bay Park Express to Zerega Av
Zerega Av,Westchester Sq-E Tremont Av,1261,1262,Pelham Bay Park Express to Westchester Sq-E Tremont Av
Westchester Sq-E Tremont Av,Middletown Rd,1262,1263,Pelham Bay Park Express to Middletown Rd
Middletown Rd,Buhre Av,1263,1265,Pelham Bay Park Express to Buhre Av
Buhre Av,Pelham Bay Park,1265,1267,Pelham Bay Park Express to Pelham Bay Park
Brooklyn Bridge-City Hall,Canal St,1216,1218,Pelham Bay Park Express to Canal St
Canal St,Spring St,1218,1219,Pelham Bay Park Express to Spring St
Spring St,Bleecker St,1219,1221,Pelham Bay Park Express to Bleecker St
Bleecker St,Astor Pl,1221,1222,Pelham Bay Park Express to Astor Pl
Astor Pl,14 St-Union Sq,1222,1224,Pelham Bay Park Express to 14 St-Union Sq
14 St-Union Sq,23 St,1224,1225,Pelham Bay Park Express to 23 St
23 St,28 St,1225,1227,Pelham Bay Park Express to 28 St
28 St,33 St,1227,1228,Pelham Bay Park Express to 33 St
33 St,Grand Central-42 St,1228,1230,Pelham Bay Park Express to Grand Central-42 St
Grand Central-42 St,51 St,1230,1232,Pelham Bay Park Express to 51 St
51 St,59 St,1232,1233,Pelham Bay Park Express to 59 St
59 St,68 St-Hunter College,1233,1235,Pelham Bay Park Express to 68 St-Hunter College
68 St-Hunter College,77 St,1235,1237,Pelham Bay Park Express to 77 St
77 St,86 St,1237,1238,Pelham Bay Park Express to 86 St
86 St,96 St,1238,1240,Pelham Bay Park Express to 96 St
96 St,103 St,1240,1242,Pelham Bay Park Express to 103 St
103 St,110 St,1242,1243,Pelham Bay Park Express to 110 St
110 St,116 St,1243,1244,Pelham Bay Park Express to 116 St
116 St,125 St,1244,1246,Pelham Bay Park Express to 125 St
125 St,3 Av-138 St,1246,1249,Pelham Bay Park Express to 3 Av-138 St
3 Av-138 St,Hunts Point Av,1249,1256,Pelham Bay Park Express to Hunts Point Av
Hunts Point Av,Parkchester,1257,1263,Pelham Bay Park Express to Parkchester
Parkchester,Castle Hill Av,1265,1267,Pelham Bay Park Express to Castle Hill Av
Castle Hill Av,Zerega Av,1267,1268,Pelham Bay Park Express to Zerega Av
Zerega Av,Westchester Sq-E Tremont Av,1268,1269,Pelham Bay Park Express to Westchester Sq-E Tremont Av
Westchester Sq-E Tremont Av,Middletown Rd,1269,1270,Pelham Bay Park Express to Middletown Rd
Middletown Rd,Buhre Av,1270,1272,Pelham Bay Park Express to Buhre Av
Buhre Av,Pelham Bay Park,1272,1274,Pelham Bay Park Express to Pelham Bay Park
